0              0: 0 1 0
1              1: 0 1 0
2             10: 0 2 0
3             11: 0 2 0
4            100: 0 3 0
5            101: 0 3 0
6            110: 0 3 0
7            111: 0 3 0
8           1000: 1 4 1
9           1001: 1 4 2
10          1010: 1 4 3
11          1011: 1 4 4
12          1100: 1 4 5
13          1101: 1 4 6
14          1110: 1 4 7
15          1111: 1 4 8
16         10000: 0 5 8
17         10001: 0 5 8
18         10010: 0 5 8
19         10011: 0 5 8
20         10100: 0 5 8
21         10101: 0 5 8
22         10110: 0 5 8
23         10111: 0 5 8
24         11000: 1 5 9
25         11001: 1 5 10
26         11010: 1 5 11
27         11011: 1 5 12
28         11100: 1 5 13
29         11101: 1 5 14
30         11110: 1 5 15
31         11111: 1 5 16
32        100000: 0 6 16
33        100001: 0 6 16
34        100010: 0 6 16
35        100011: 0 6 16
36        100100: 0 6 16
37        100101: 0 6 16
38        100110: 0 6 16
39        100111: 0 6 16
40        101000: 1 6 17
41        101001: 1 6 18
42        101010: 1 6 19
43        101011: 1 6 20
44        101100: 1 6 21
45        101101: 1 6 22
46        101110: 1 6 23
47        101111: 1 6 24
48        110000: 0 6 24
49        110001: 0 6 24
50        110010: 0 6 24
51        110011: 0 6 24
52        110100: 0 6 24
53        110101: 0 6 24
54        110110: 0 6 24
55        110111: 0 6 24
56        111000: 1 6 25
57        111001: 1 6 26
58        111010: 1 6 27
59        111011: 1 6 28
60        111100: 1 6 29
61        111101: 1 6 30
62        111110: 1 6 31
63        111111: 1 6 32
64       1000000: 0 7 32
65       1000001: 0 7 32
66       1000010: 0 7 32
67       1000011: 0 7 32
68       1000100: 0 7 32
69       1000101: 0 7 32
70       1000110: 0 7 32
71       1000111: 0 7 32
72       1001000: 1 7 33
73       1001001: 1 7 34
74       1001010: 1 7 35
75       1001011: 1 7 36
76       1001100: 1 7 37
77       1001101: 1 7 38
78       1001110: 1 7 39
79       1001111: 1 7 40
80       1010000: 0 7 40
81       1010001: 0 7 40
82       1010010: 0 7 40
83       1010011: 0 7 40
84       1010100: 0 7 40
85       1010101: 0 7 40
86       1010110: 0 7 40
87       1010111: 0 7 40
88       1011000: 1 7 41
89       1011001: 1 7 42
90       1011010: 1 7 43
91       1011011: 1 7 44
92       1011100: 1 7 45
93       1011101: 1 7 46
94       1011110: 1 7 47
95       1011111: 1 7 48
96       1100000: 0 7 48
97       1100001: 0 7 48
98       1100010: 0 7 48
99       1100011: 0 7 48
100      1100100: 0 7 48
101      1100101: 0 7 48
102      1100110: 0 7 48
103      1100111: 0 7 48
104      1101000: 1 7 49
105      1101001: 1 7 50
106      1101010: 1 7 51
107      1101011: 1 7 52
108      1101100: 1 7 53
109      1101101: 1 7 54
110      1101110: 1 7 55
111      1101111: 1 7 56
112      1110000: 0 7 56
113      1110001: 0 7 56
114      1110010: 0 7 56
115      1110011: 0 7 56
116      1110100: 0 7 56
117      1110101: 0 7 56
118      1110110: 0 7 56
119      1110111: 0 7 56
120      1111000: 1 7 57
121      1111001: 1 7 58
122      1111010: 1 7 59
123      1111011: 1 7 60
124      1111100: 1 7 61
125      1111101: 1 7 62
126      1111110: 1 7 63
127      1111111: 1 7 64
128     10000000: 1 8 65
129     10000001: 1 8 66
130     10000010: 1 8 67
131     10000011: 1 8 68
132     10000100: 1 8 69
133     10000101: 1 8 70
134     10000110: 1 8 71
135     10000111: 1 8 72
136     10001000: 2 8 74
137     10001001: 2 8 76
138     10001010: 2 8 78
139     10001011: 2 8 80
140     10001100: 2 8 82
141     10001101: 2 8 84
142     10001110: 2 8 86
143     10001111: 2 8 88
144     10010000: 1 8 89
145     10010001: 1 8 90
146     10010010: 1 8 91
147     10010011: 1 8 92
148     10010100: 1 8 93
149     10010101: 1 8 94
150     10010110: 1 8 95
151     10010111: 1 8 96
152     10011000: 2 8 98
153     10011001: 2 8 100
154     10011010: 2 8 102
155     10011011: 2 8 104
156     10011100: 2 8 106
157     10011101: 2 8 108
158     10011110: 2 8 110
159     10011111: 2 8 112
160     10100000: 1 8 113
161     10100001: 1 8 114
162     10100010: 1 8 115
163     10100011: 1 8 116
164     10100100: 1 8 117
165     10100101: 1 8 118
166     10100110: 1 8 119
167     10100111: 1 8 120
168     10101000: 2 8 122
169     10101001: 2 8 124
170     10101010: 2 8 126
171     10101011: 2 8 128
172     10101100: 2 8 130
173     10101101: 2 8 132
174     10101110: 2 8 134
175     10101111: 2 8 136
176     10110000: 1 8 137
177     10110001: 1 8 138
178     10110010: 1 8 139
179     10110011: 1 8 140
180     10110100: 1 8 141
181     10110101: 1 8 142
182     10110110: 1 8 143
183     10110111: 1 8 144
184     10111000: 2 8 146
185     10111001: 2 8 148
186     10111010: 2 8 150
187     10111011: 2 8 152
188     10111100: 2 8 154
189     10111101: 2 8 156
190     10111110: 2 8 158
191     10111111: 2 8 160
192     11000000: 1 8 161
193     11000001: 1 8 162
194     11000010: 1 8 163
195     11000011: 1 8 164
196     11000100: 1 8 165
197     11000101: 1 8 166
198     11000110: 1 8 167
199     11000111: 1 8 168
200     11001000: 2 8 170
201     11001001: 2 8 172
202     11001010: 2 8 174
203     11001011: 2 8 176
204     11001100: 2 8 178
205     11001101: 2 8 180
206     11001110: 2 8 182
207     11001111: 2 8 184
208     11010000: 1 8 185
209     11010001: 1 8 186
210     11010010: 1 8 187
211     11010011: 1 8 188
212     11010100: 1 8 189
213     11010101: 1 8 190
214     11010110: 1 8 191
215     11010111: 1 8 192
216     11011000: 2 8 194
217     11011001: 2 8 196
218     11011010: 2 8 198
219     11011011: 2 8 200
220     11011100: 2 8 202
221     11011101: 2 8 204
222     11011110: 2 8 206
223     11011111: 2 8 208
224     11100000: 1 8 209
225     11100001: 1 8 210
226     11100010: 1 8 211
227     11100011: 1 8 212
228     11100100: 1 8 213
229     11100101: 1 8 214
230     11100110: 1 8 215
231     11100111: 1 8 216
232     11101000: 2 8 218
233     11101001: 2 8 220
234     11101010: 2 8 222
235     11101011: 2 8 224
236     11101100: 2 8 226
237     11101101: 2 8 228
238     11101110: 2 8 230
239     11101111: 2 8 232
240     11110000: 1 8 233
241     11110001: 1 8 234
242     11110010: 1 8 235
243     11110011: 1 8 236
244     11110100: 1 8 237
245     11110101: 1 8 238
246     11110110: 1 8 239
247     11110111: 1 8 240
248     11111000: 2 8 242
249     11111001: 2 8 244
250     11111010: 2 8 246
251     11111011: 2 8 248
252     11111100: 2 8 250
253     11111101: 2 8 252
254     11111110: 2 8 254
255     11111111: 2 8 256
256    100000000: 0 9 256
257    100000001: 0 9 256
258    100000010: 0 9 256
259    100000011: 0 9 256
260    100000100: 0 9 256
261    100000101: 0 9 256
262    100000110: 0 9 256
263    100000111: 0 9 256
264    100001000: 1 9 257
265    100001001: 1 9 258
266    100001010: 1 9 259
267    100001011: 1 9 260
268    100001100: 1 9 261
269    100001101: 1 9 262
270    100001110: 1 9 263
271    100001111: 1 9 264
272    100010000: 0 9 264
273    100010001: 0 9 264
274    100010010: 0 9 264
275    100010011: 0 9 264
276    100010100: 0 9 264
277    100010101: 0 9 264
278    100010110: 0 9 264
279    100010111: 0 9 264
280    100011000: 1 9 265
281    100011001: 1 9 266
282    100011010: 1 9 267
283    100011011: 1 9 268
284    100011100: 1 9 269
285    100011101: 1 9 270
286    100011110: 1 9 271
287    100011111: 1 9 272
288    100100000: 0 9 272
289    100100001: 0 9 272
290    100100010: 0 9 272
291    100100011: 0 9 272
292    100100100: 0 9 272
293    100100101: 0 9 272
294    100100110: 0 9 272
295    100100111: 0 9 272
296    100101000: 1 9 273
297    100101001: 1 9 274
298    100101010: 1 9 275
299    100101011: 1 9 276
300    100101100: 1 9 277
301    100101101: 1 9 278
302    100101110: 1 9 279
303    100101111: 1 9 280
304    100110000: 0 9 280
305    100110001: 0 9 280
306    100110010: 0 9 280
307    100110011: 0 9 280
308    100110100: 0 9 280
309    100110101: 0 9 280
310    100110110: 0 9 280
311    100110111: 0 9 280
312    100111000: 1 9 281
313    100111001: 1 9 282
314    100111010: 1 9 283
315    100111011: 1 9 284
316    100111100: 1 9 285
317    100111101: 1 9 286
318    100111110: 1 9 287
319    100111111: 1 9 288
320    101000000: 0 9 288
321    101000001: 0 9 288
322    101000010: 0 9 288
323    101000011: 0 9 288
324    101000100: 0 9 288
325    101000101: 0 9 288
326    101000110: 0 9 288
327    101000111: 0 9 288
328    101001000: 1 9 289
329    101001001: 1 9 290
330    101001010: 1 9 291
331    101001011: 1 9 292
332    101001100: 1 9 293
333    101001101: 1 9 294
334    101001110: 1 9 295
335    101001111: 1 9 296
336    101010000: 0 9 296
337    101010001: 0 9 296
338    101010010: 0 9 296
339    101010011: 0 9 296
340    101010100: 0 9 296
341    101010101: 0 9 296
342    101010110: 0 9 296
343    101010111: 0 9 296
344    101011000: 1 9 297
345    101011001: 1 9 298
346    101011010: 1 9 299
347    101011011: 1 9 300
348    101011100: 1 9 301
349    101011101: 1 9 302
350    101011110: 1 9 303
351    101011111: 1 9 304
352    101100000: 0 9 304
353    101100001: 0 9 304
354    101100010: 0 9 304
355    101100011: 0 9 304
356    101100100: 0 9 304
357    101100101: 0 9 304
358    101100110: 0 9 304
359    101100111: 0 9 304
360    101101000: 1 9 305
361    101101001: 1 9 306
362    101101010: 1 9 307
363    101101011: 1 9 308
364    101101100: 1 9 309
365    101101101: 1 9 310
366    101101110: 1 9 311
367    101101111: 1 9 312
368    101110000: 0 9 312
369    101110001: 0 9 312
370    101110010: 0 9 312
371    101110011: 0 9 312
372    101110100: 0 9 312
373    101110101: 0 9 312
374    101110110: 0 9 312
375    101110111: 0 9 312
376    101111000: 1 9 313
377    101111001: 1 9 314
378    101111010: 1 9 315
379    101111011: 1 9 316
380    101111100: 1 9 317
381    101111101: 1 9 318
382    101111110: 1 9 319
383    101111111: 1 9 320
384    110000000: 1 9 321
385    110000001: 1 9 322
386    110000010: 1 9 323
387    110000011: 1 9 324
388    110000100: 1 9 325
389    110000101: 1 9 326
390    110000110: 1 9 327
391    110000111: 1 9 328
392    110001000: 2 9 330
393    110001001: 2 9 332
394    110001010: 2 9 334
395    110001011: 2 9 336
396    110001100: 2 9 338
397    110001101: 2 9 340
398    110001110: 2 9 342
399    110001111: 2 9 344
400    110010000: 1 9 345
401    110010001: 1 9 346
402    110010010: 1 9 347
403    110010011: 1 9 348
404    110010100: 1 9 349
405    110010101: 1 9 350
406    110010110: 1 9 351
407    110010111: 1 9 352
408    110011000: 2 9 354
409    110011001: 2 9 356
410    110011010: 2 9 358
411    110011011: 2 9 360
412    110011100: 2 9 362
413    110011101: 2 9 364
414    110011110: 2 9 366
415    110011111: 2 9 368
416    110100000: 1 9 369
417    110100001: 1 9 370
418    110100010: 1 9 371
419    110100011: 1 9 372
420    110100100: 1 9 373
421    110100101: 1 9 374
422    110100110: 1 9 375
423    110100111: 1 9 376
424    110101000: 2 9 378
425    110101001: 2 9 380
426    110101010: 2 9 382
427    110101011: 2 9 384
428    110101100: 2 9 386
429    110101101: 2 9 388
430    110101110: 2 9 390
431    110101111: 2 9 392
432    110110000: 1 9 393
433    110110001: 1 9 394
434    110110010: 1 9 395
435    110110011: 1 9 396
436    110110100: 1 9 397
437    110110101: 1 9 398
438    110110110: 1 9 399
439    110110111: 1 9 400
440    110111000: 2 9 402
441    110111001: 2 9 404
442    110111010: 2 9 406
443    110111011: 2 9 408
444    110111100: 2 9 410
445    110111101: 2 9 412
446    110111110: 2 9 414
447    110111111: 2 9 416
448    111000000: 1 9 417
449    111000001: 1 9 418
450    111000010: 1 9 419
451    111000011: 1 9 420
452    111000100: 1 9 421
453    111000101: 1 9 422
454    111000110: 1 9 423
455    111000111: 1 9 424
456    111001000: 2 9 426
457    111001001: 2 9 428
458    111001010: 2 9 430
459    111001011: 2 9 432
460    111001100: 2 9 434
461    111001101: 2 9 436
462    111001110: 2 9 438
463    111001111: 2 9 440
464    111010000: 1 9 441
465    111010001: 1 9 442
466    111010010: 1 9 443
467    111010011: 1 9 444
468    111010100: 1 9 445
469    111010101: 1 9 446
470    111010110: 1 9 447
471    111010111: 1 9 448
472    111011000: 2 9 450
473    111011001: 2 9 452
474    111011010: 2 9 454
475    111011011: 2 9 456
476    111011100: 2 9 458
477    111011101: 2 9 460
478    111011110: 2 9 462
479    111011111: 2 9 464
480    111100000: 1 9 465
481    111100001: 1 9 466
482    111100010: 1 9 467
483    111100011: 1 9 468
484    111100100: 1 9 469
485    111100101: 1 9 470
486    111100110: 1 9 471
487    111100111: 1 9 472
488    111101000: 2 9 474
489    111101001: 2 9 476
490    111101010: 2 9 478
491    111101011: 2 9 480
492    111101100: 2 9 482
493    111101101: 2 9 484
494    111101110: 2 9 486
495    111101111: 2 9 488
496    111110000: 1 9 489
497    111110001: 1 9 490
498    111110010: 1 9 491
499    111110011: 1 9 492
500    111110100: 1 9 493
501    111110101: 1 9 494
502    111110110: 1 9 495
503    111110111: 1 9 496
504    111111000: 2 9 498
505    111111001: 2 9 500
506    111111010: 2 9 502
507    111111011: 2 9 504
508    111111100: 2 9 506
509    111111101: 2 9 508
510    111111110: 2 9 510
511    111111111: 2 9 512
512   1000000000: 0 10 512
513   1000000001: 0 10 512
514   1000000010: 0 10 512
515   1000000011: 0 10 512
516   1000000100: 0 10 512
517   1000000101: 0 10 512
518   1000000110: 0 10 512
519   1000000111: 0 10 512
520   1000001000: 1 10 513
521   1000001001: 1 10 514
522   1000001010: 1 10 515
523   1000001011: 1 10 516
524   1000001100: 1 10 517
525   1000001101: 1 10 518
526   1000001110: 1 10 519
527   1000001111: 1 10 520
528   1000010000: 0 10 520
529   1000010001: 0 10 520
530   1000010010: 0 10 520
531   1000010011: 0 10 520
532   1000010100: 0 10 520
533   1000010101: 0 10 520
534   1000010110: 0 10 520
535   1000010111: 0 10 520
536   1000011000: 1 10 521
537   1000011001: 1 10 522
538   1000011010: 1 10 523
539   1000011011: 1 10 524
540   1000011100: 1 10 525
541   1000011101: 1 10 526
542   1000011110: 1 10 527
543   1000011111: 1 10 528
544   1000100000: 0 10 528
545   1000100001: 0 10 528
546   1000100010: 0 10 528
547   1000100011: 0 10 528
548   1000100100: 0 10 528
549   1000100101: 0 10 528
550   1000100110: 0 10 528
551   1000100111: 0 10 528
552   1000101000: 1 10 529
553   1000101001: 1 10 530
554   1000101010: 1 10 531
555   1000101011: 1 10 532
556   1000101100: 1 10 533
557   1000101101: 1 10 534
558   1000101110: 1 10 535
559   1000101111: 1 10 536
560   1000110000: 0 10 536
561   1000110001: 0 10 536
562   1000110010: 0 10 536
563   1000110011: 0 10 536
564   1000110100: 0 10 536
565   1000110101: 0 10 536
566   1000110110: 0 10 536
567   1000110111: 0 10 536
568   1000111000: 1 10 537
569   1000111001: 1 10 538
570   1000111010: 1 10 539
571   1000111011: 1 10 540
572   1000111100: 1 10 541
573   1000111101: 1 10 542
574   1000111110: 1 10 543
575   1000111111: 1 10 544
576   1001000000: 0 10 544
577   1001000001: 0 10 544
578   1001000010: 0 10 544
579   1001000011: 0 10 544
580   1001000100: 0 10 544
581   1001000101: 0 10 544
582   1001000110: 0 10 544
583   1001000111: 0 10 544
584   1001001000: 1 10 545
585   1001001001: 1 10 546
586   1001001010: 1 10 547
587   1001001011: 1 10 548
588   1001001100: 1 10 549
589   1001001101: 1 10 550
590   1001001110: 1 10 551
591   1001001111: 1 10 552
592   1001010000: 0 10 552
593   1001010001: 0 10 552
594   1001010010: 0 10 552
595   1001010011: 0 10 552
596   1001010100: 0 10 552
597   1001010101: 0 10 552
598   1001010110: 0 10 552
599   1001010111: 0 10 552
600   1001011000: 1 10 553
601   1001011001: 1 10 554
602   1001011010: 1 10 555
603   1001011011: 1 10 556
604   1001011100: 1 10 557
605   1001011101: 1 10 558
606   1001011110: 1 10 559
607   1001011111: 1 10 560
608   1001100000: 0 10 560
609   1001100001: 0 10 560
610   1001100010: 0 10 560
611   1001100011: 0 10 560
612   1001100100: 0 10 560
613   1001100101: 0 10 560
614   1001100110: 0 10 560
615   1001100111: 0 10 560
616   1001101000: 1 10 561
617   1001101001: 1 10 562
618   1001101010: 1 10 563
619   1001101011: 1 10 564
620   1001101100: 1 10 565
621   1001101101: 1 10 566
622   1001101110: 1 10 567
623   1001101111: 1 10 568
624   1001110000: 0 10 568
625   1001110001: 0 10 568
626   1001110010: 0 10 568
627   1001110011: 0 10 568
628   1001110100: 0 10 568
629   1001110101: 0 10 568
630   1001110110: 0 10 568
631   1001110111: 0 10 568
632   1001111000: 1 10 569
633   1001111001: 1 10 570
634   1001111010: 1 10 571
635   1001111011: 1 10 572
636   1001111100: 1 10 573
637   1001111101: 1 10 574
638   1001111110: 1 10 575
639   1001111111: 1 10 576
640   1010000000: 1 10 577
641   1010000001: 1 10 578
642   1010000010: 1 10 579
643   1010000011: 1 10 580
644   1010000100: 1 10 581
645   1010000101: 1 10 582
646   1010000110: 1 10 583
647   1010000111: 1 10 584
648   1010001000: 2 10 586
649   1010001001: 2 10 588
650   1010001010: 2 10 590
651   1010001011: 2 10 592
652   1010001100: 2 10 594
653   1010001101: 2 10 596
654   1010001110: 2 10 598
655   1010001111: 2 10 600
656   1010010000: 1 10 601
657   1010010001: 1 10 602
658   1010010010: 1 10 603
659   1010010011: 1 10 604
660   1010010100: 1 10 605
661   1010010101: 1 10 606
662   1010010110: 1 10 607
663   1010010111: 1 10 608
664   1010011000: 2 10 610
665   1010011001: 2 10 612
666   1010011010: 2 10 614
667   1010011011: 2 10 616
668   1010011100: 2 10 618
669   1010011101: 2 10 620
670   1010011110: 2 10 622
671   1010011111: 2 10 624
672   1010100000: 1 10 625
673   1010100001: 1 10 626
674   1010100010: 1 10 627
675   1010100011: 1 10 628
676   1010100100: 1 10 629
677   1010100101: 1 10 630
678   1010100110: 1 10 631
679   1010100111: 1 10 632
680   1010101000: 2 10 634
681   1010101001: 2 10 636
682   1010101010: 2 10 638
683   1010101011: 2 10 640
684   1010101100: 2 10 642
685   1010101101: 2 10 644
686   1010101110: 2 10 646
687   1010101111: 2 10 648
688   1010110000: 1 10 649
689   1010110001: 1 10 650
690   1010110010: 1 10 651
691   1010110011: 1 10 652
692   1010110100: 1 10 653
693   1010110101: 1 10 654
694   1010110110: 1 10 655
695   1010110111: 1 10 656
696   1010111000: 2 10 658
697   1010111001: 2 10 660
698   1010111010: 2 10 662
699   1010111011: 2 10 664
700   1010111100: 2 10 666
701   1010111101: 2 10 668
702   1010111110: 2 10 670
703   1010111111: 2 10 672
704   1011000000: 1 10 673
705   1011000001: 1 10 674
706   1011000010: 1 10 675
707   1011000011: 1 10 676
708   1011000100: 1 10 677
709   1011000101: 1 10 678
710   1011000110: 1 10 679
711   1011000111: 1 10 680
712   1011001000: 2 10 682
713   1011001001: 2 10 684
714   1011001010: 2 10 686
715   1011001011: 2 10 688
716   1011001100: 2 10 690
717   1011001101: 2 10 692
718   1011001110: 2 10 694
719   1011001111: 2 10 696
720   1011010000: 1 10 697
721   1011010001: 1 10 698
722   1011010010: 1 10 699
723   1011010011: 1 10 700
724   1011010100: 1 10 701
725   1011010101: 1 10 702
726   1011010110: 1 10 703
727   1011010111: 1 10 704
728   1011011000: 2 10 706
729   1011011001: 2 10 708
730   1011011010: 2 10 710
731   1011011011: 2 10 712
732   1011011100: 2 10 714
733   1011011101: 2 10 716
734   1011011110: 2 10 718
735   1011011111: 2 10 720
736   1011100000: 1 10 721
737   1011100001: 1 10 722
738   1011100010: 1 10 723
739   1011100011: 1 10 724
740   1011100100: 1 10 725
741   1011100101: 1 10 726
742   1011100110: 1 10 727
743   1011100111: 1 10 728
744   1011101000: 2 10 730
745   1011101001: 2 10 732
746   1011101010: 2 10 734
747   1011101011: 2 10 736
748   1011101100: 2 10 738
749   1011101101: 2 10 740
750   1011101110: 2 10 742
751   1011101111: 2 10 744
752   1011110000: 1 10 745
753   1011110001: 1 10 746
754   1011110010: 1 10 747
755   1011110011: 1 10 748
756   1011110100: 1 10 749
757   1011110101: 1 10 750
758   1011110110: 1 10 751
759   1011110111: 1 10 752
760   1011111000: 2 10 754
761   1011111001: 2 10 756
762   1011111010: 2 10 758
763   1011111011: 2 10 760
764   1011111100: 2 10 762
765   1011111101: 2 10 764
766   1011111110: 2 10 766
767   1011111111: 2 10 768
768   1100000000: 0 10 768
769   1100000001: 0 10 768
770   1100000010: 0 10 768
771   1100000011: 0 10 768
772   1100000100: 0 10 768
773   1100000101: 0 10 768
774   1100000110: 0 10 768
775   1100000111: 0 10 768
776   1100001000: 1 10 769
777   1100001001: 1 10 770
778   1100001010: 1 10 771
779   1100001011: 1 10 772
780   1100001100: 1 10 773
781   1100001101: 1 10 774
782   1100001110: 1 10 775
783   1100001111: 1 10 776
784   1100010000: 0 10 776
785   1100010001: 0 10 776
786   1100010010: 0 10 776
787   1100010011: 0 10 776
788   1100010100: 0 10 776
789   1100010101: 0 10 776
790   1100010110: 0 10 776
791   1100010111: 0 10 776
792   1100011000: 1 10 777
793   1100011001: 1 10 778
794   1100011010: 1 10 779
795   1100011011: 1 10 780
796   1100011100: 1 10 781
797   1100011101: 1 10 782
798   1100011110: 1 10 783
799   1100011111: 1 10 784
800   1100100000: 0 10 784
801   1100100001: 0 10 784
802   1100100010: 0 10 784
803   1100100011: 0 10 784
804   1100100100: 0 10 784
805   1100100101: 0 10 784
806   1100100110: 0 10 784
807   1100100111: 0 10 784
808   1100101000: 1 10 785
809   1100101001: 1 10 786
810   1100101010: 1 10 787
811   1100101011: 1 10 788
812   1100101100: 1 10 789
813   1100101101: 1 10 790
814   1100101110: 1 10 791
815   1100101111: 1 10 792
816   1100110000: 0 10 792
817   1100110001: 0 10 792
818   1100110010: 0 10 792
819   1100110011: 0 10 792
820   1100110100: 0 10 792
821   1100110101: 0 10 792
822   1100110110: 0 10 792
823   1100110111: 0 10 792
824   1100111000: 1 10 793
825   1100111001: 1 10 794
826   1100111010: 1 10 795
827   1100111011: 1 10 796
828   1100111100: 1 10 797
829   1100111101: 1 10 798
830   1100111110: 1 10 799
831   1100111111: 1 10 800
832   1101000000: 0 10 800
833   1101000001: 0 10 800
834   1101000010: 0 10 800
835   1101000011: 0 10 800
836   1101000100: 0 10 800
837   1101000101: 0 10 800
838   1101000110: 0 10 800
839   1101000111: 0 10 800
840   1101001000: 1 10 801
841   1101001001: 1 10 802
842   1101001010: 1 10 803
843   1101001011: 1 10 804
844   1101001100: 1 10 805
845   1101001101: 1 10 806
846   1101001110: 1 10 807
847   1101001111: 1 10 808
848   1101010000: 0 10 808
849   1101010001: 0 10 808
850   1101010010: 0 10 808
851   1101010011: 0 10 808
852   1101010100: 0 10 808
853   1101010101: 0 10 808
854   1101010110: 0 10 808
855   1101010111: 0 10 808
856   1101011000: 1 10 809
857   1101011001: 1 10 810
858   1101011010: 1 10 811
859   1101011011: 1 10 812
860   1101011100: 1 10 813
861   1101011101: 1 10 814
862   1101011110: 1 10 815
863   1101011111: 1 10 816
864   1101100000: 0 10 816
865   1101100001: 0 10 816
866   1101100010: 0 10 816
867   1101100011: 0 10 816
868   1101100100: 0 10 816
869   1101100101: 0 10 816
870   1101100110: 0 10 816
871   1101100111: 0 10 816
872   1101101000: 1 10 817
873   1101101001: 1 10 818
874   1101101010: 1 10 819
875   1101101011: 1 10 820
876   1101101100: 1 10 821
877   1101101101: 1 10 822
878   1101101110: 1 10 823
879   1101101111: 1 10 824
880   1101110000: 0 10 824
881   1101110001: 0 10 824
882   1101110010: 0 10 824
883   1101110011: 0 10 824
884   1101110100: 0 10 824
885   1101110101: 0 10 824
886   1101110110: 0 10 824
887   1101110111: 0 10 824
888   1101111000: 1 10 825
889   1101111001: 1 10 826
890   1101111010: 1 10 827
891   1101111011: 1 10 828
892   1101111100: 1 10 829
893   1101111101: 1 10 830
894   1101111110: 1 10 831
895   1101111111: 1 10 832
896   1110000000: 1 10 833
897   1110000001: 1 10 834
898   1110000010: 1 10 835
899   1110000011: 1 10 836
900   1110000100: 1 10 837
901   1110000101: 1 10 838
902   1110000110: 1 10 839
903   1110000111: 1 10 840
904   1110001000: 2 10 842
905   1110001001: 2 10 844
906   1110001010: 2 10 846
907   1110001011: 2 10 848
908   1110001100: 2 10 850
909   1110001101: 2 10 852
910   1110001110: 2 10 854
911   1110001111: 2 10 856
912   1110010000: 1 10 857
913   1110010001: 1 10 858
914   1110010010: 1 10 859
915   1110010011: 1 10 860
916   1110010100: 1 10 861
917   1110010101: 1 10 862
918   1110010110: 1 10 863
919   1110010111: 1 10 864
920   1110011000: 2 10 866
921   1110011001: 2 10 868
922   1110011010: 2 10 870
923   1110011011: 2 10 872
924   1110011100: 2 10 874
925   1110011101: 2 10 876
926   1110011110: 2 10 878
927   1110011111: 2 10 880
928   1110100000: 1 10 881
929   1110100001: 1 10 882
930   1110100010: 1 10 883
931   1110100011: 1 10 884
932   1110100100: 1 10 885
933   1110100101: 1 10 886
934   1110100110: 1 10 887
935   1110100111: 1 10 888
936   1110101000: 2 10 890
937   1110101001: 2 10 892
938   1110101010: 2 10 894
939   1110101011: 2 10 896
940   1110101100: 2 10 898
941   1110101101: 2 10 900
942   1110101110: 2 10 902
943   1110101111: 2 10 904
944   1110110000: 1 10 905
945   1110110001: 1 10 906
946   1110110010: 1 10 907
947   1110110011: 1 10 908
948   1110110100: 1 10 909
949   1110110101: 1 10 910
950   1110110110: 1 10 911
951   1110110111: 1 10 912
952   1110111000: 2 10 914
953   1110111001: 2 10 916
954   1110111010: 2 10 918
955   1110111011: 2 10 920
956   1110111100: 2 10 922
957   1110111101: 2 10 924
958   1110111110: 2 10 926
959   1110111111: 2 10 928
960   1111000000: 1 10 929
961   1111000001: 1 10 930
962   1111000010: 1 10 931
963   1111000011: 1 10 932
964   1111000100: 1 10 933
965   1111000101: 1 10 934
966   1111000110: 1 10 935
967   1111000111: 1 10 936
968   1111001000: 2 10 938
969   1111001001: 2 10 940
970   1111001010: 2 10 942
971   1111001011: 2 10 944
972   1111001100: 2 10 946
973   1111001101: 2 10 948
974   1111001110: 2 10 950
975   1111001111: 2 10 952
976   1111010000: 1 10 953
977   1111010001: 1 10 954
978   1111010010: 1 10 955
979   1111010011: 1 10 956
980   1111010100: 1 10 957
981   1111010101: 1 10 958
982   1111010110: 1 10 959
983   1111010111: 1 10 960
984   1111011000: 2 10 962
985   1111011001: 2 10 964
986   1111011010: 2 10 966
987   1111011011: 2 10 968
988   1111011100: 2 10 970
989   1111011101: 2 10 972
990   1111011110: 2 10 974
991   1111011111: 2 10 976
992   1111100000: 1 10 977
993   1111100001: 1 10 978
994   1111100010: 1 10 979
995   1111100011: 1 10 980
996   1111100100: 1 10 981
997   1111100101: 1 10 982
998   1111100110: 1 10 983
999   1111100111: 1 10 984
1000  1111101000: 2 10 986
1001  1111101001: 2 10 988
1002  1111101010: 2 10 990
1003  1111101011: 2 10 992
1004  1111101100: 2 10 994
1005  1111101101: 2 10 996
1006  1111101110: 2 10 998
1007  1111101111: 2 10 1000
1008  1111110000: 1 10 1001
1009  1111110001: 1 10 1002
1010  1111110010: 1 10 1003
1011  1111110011: 1 10 1004
1012  1111110100: 1 10 1005
1013  1111110101: 1 10 1006
1014  1111110110: 1 10 1007
1015  1111110111: 1 10 1008
1016  1111111000: 2 10 1010
1017  1111111001: 2 10 1012
1018  1111111010: 2 10 1014
1019  1111111011: 2 10 1016
1020  1111111100: 2 10 1018
1021  1111111101: 2 10 1020
1022  1111111110: 2 10 1022
1023  1111111111: 2 10 1024