0              0: 0 1 0
1              1: 0 1 0
2             10: 1 2 1
3             11: 1 2 2
4            100: 0 3 2
5            101: 0 3 2
6            110: 1 3 3
7            111: 1 3 4
8           1000: 1 4 5
9           1001: 1 4 6
10          1010: 2 4 8
11          1011: 2 4 10
12          1100: 1 4 11
13          1101: 1 4 12
14          1110: 2 4 14
15          1111: 2 4 16
16         10000: 0 5 16
17         10001: 0 5 16
18         10010: 1 5 17
19         10011: 1 5 18
20         10100: 0 5 18
21         10101: 0 5 18
22         10110: 1 5 19
23         10111: 1 5 20
24         11000: 1 5 21
25         11001: 1 5 22
26         11010: 2 5 24
27         11011: 2 5 26
28         11100: 1 5 27
29         11101: 1 5 28
30         11110: 2 5 30
31         11111: 2 5 32
32        100000: 1 6 33
33        100001: 1 6 34
34        100010: 2 6 36
35        100011: 2 6 38
36        100100: 1 6 39
37        100101: 1 6 40
38        100110: 2 6 42
39        100111: 2 6 44
40        101000: 2 6 46
41        101001: 2 6 48
42        101010: 3 6 51
43        101011: 3 6 54
44        101100: 2 6 56
45        101101: 2 6 58
46        101110: 3 6 61
47        101111: 3 6 64
48        110000: 1 6 65
49        110001: 1 6 66
50        110010: 2 6 68
51        110011: 2 6 70
52        110100: 1 6 71
53        110101: 1 6 72
54        110110: 2 6 74
55        110111: 2 6 76
56        111000: 2 6 78
57        111001: 2 6 80
58        111010: 3 6 83
59        111011: 3 6 86
60        111100: 2 6 88
61        111101: 2 6 90
62        111110: 3 6 93
63        111111: 3 6 96
64       1000000: 0 7 96
65       1000001: 0 7 96
66       1000010: 1 7 97
67       1000011: 1 7 98
68       1000100: 0 7 98
69       1000101: 0 7 98
70       1000110: 1 7 99
71       1000111: 1 7 100
72       1001000: 1 7 101
73       1001001: 1 7 102
74       1001010: 2 7 104
75       1001011: 2 7 106
76       1001100: 1 7 107
77       1001101: 1 7 108
78       1001110: 2 7 110
79       1001111: 2 7 112
80       1010000: 0 7 112
81       1010001: 0 7 112
82       1010010: 1 7 113
83       1010011: 1 7 114
84       1010100: 0 7 114
85       1010101: 0 7 114
86       1010110: 1 7 115
87       1010111: 1 7 116
88       1011000: 1 7 117
89       1011001: 1 7 118
90       1011010: 2 7 120
91       1011011: 2 7 122
92       1011100: 1 7 123
93       1011101: 1 7 124
94       1011110: 2 7 126
95       1011111: 2 7 128
96       1100000: 1 7 129
97       1100001: 1 7 130
98       1100010: 2 7 132
99       1100011: 2 7 134
100      1100100: 1 7 135
101      1100101: 1 7 136
102      1100110: 2 7 138
103      1100111: 2 7 140
104      1101000: 2 7 142
105      1101001: 2 7 144
106      1101010: 3 7 147
107      1101011: 3 7 150
108      1101100: 2 7 152
109      1101101: 2 7 154
110      1101110: 3 7 157
111      1101111: 3 7 160
112      1110000: 1 7 161
113      1110001: 1 7 162
114      1110010: 2 7 164
115      1110011: 2 7 166
116      1110100: 1 7 167
117      1110101: 1 7 168
118      1110110: 2 7 170
119      1110111: 2 7 172
120      1111000: 2 7 174
121      1111001: 2 7 176
122      1111010: 3 7 179
123      1111011: 3 7 182
124      1111100: 2 7 184
125      1111101: 2 7 186
126      1111110: 3 7 189
127      1111111: 3 7 192
128     10000000: 1 8 193
129     10000001: 1 8 194
130     10000010: 2 8 196
131     10000011: 2 8 198
132     10000100: 1 8 199
133     10000101: 1 8 200
134     10000110: 2 8 202
135     10000111: 2 8 204
136     10001000: 2 8 206
137     10001001: 2 8 208
138     10001010: 3 8 211
139     10001011: 3 8 214
140     10001100: 2 8 216
141     10001101: 2 8 218
142     10001110: 3 8 221
143     10001111: 3 8 224
144     10010000: 1 8 225
145     10010001: 1 8 226
146     10010010: 2 8 228
147     10010011: 2 8 230
148     10010100: 1 8 231
149     10010101: 1 8 232
150     10010110: 2 8 234
151     10010111: 2 8 236
152     10011000: 2 8 238
153     10011001: 2 8 240
154     10011010: 3 8 243
155     10011011: 3 8 246
156     10011100: 2 8 248
157     10011101: 2 8 250
158     10011110: 3 8 253
159     10011111: 3 8 256
160     10100000: 2 8 258
161     10100001: 2 8 260
162     10100010: 3 8 263
163     10100011: 3 8 266
164     10100100: 2 8 268
165     10100101: 2 8 270
166     10100110: 3 8 273
167     10100111: 3 8 276
168     10101000: 3 8 279
169     10101001: 3 8 282
170     10101010: 4 8 286
171     10101011: 4 8 290
172     10101100: 3 8 293
173     10101101: 3 8 296
174     10101110: 4 8 300
175     10101111: 4 8 304
176     10110000: 2 8 306
177     10110001: 2 8 308
178     10110010: 3 8 311
179     10110011: 3 8 314
180     10110100: 2 8 316
181     10110101: 2 8 318
182     10110110: 3 8 321
183     10110111: 3 8 324
184     10111000: 3 8 327
185     10111001: 3 8 330
186     10111010: 4 8 334
187     10111011: 4 8 338
188     10111100: 3 8 341
189     10111101: 3 8 344
190     10111110: 4 8 348
191     10111111: 4 8 352
192     11000000: 1 8 353
193     11000001: 1 8 354
194     11000010: 2 8 356
195     11000011: 2 8 358
196     11000100: 1 8 359
197     11000101: 1 8 360
198     11000110: 2 8 362
199     11000111: 2 8 364
200     11001000: 2 8 366
201     11001001: 2 8 368
202     11001010: 3 8 371
203     11001011: 3 8 374
204     11001100: 2 8 376
205     11001101: 2 8 378
206     11001110: 3 8 381
207     11001111: 3 8 384
208     11010000: 1 8 385
209     11010001: 1 8 386
210     11010010: 2 8 388
211     11010011: 2 8 390
212     11010100: 1 8 391
213     11010101: 1 8 392
214     11010110: 2 8 394
215     11010111: 2 8 396
216     11011000: 2 8 398
217     11011001: 2 8 400
218     11011010: 3 8 403
219     11011011: 3 8 406
220     11011100: 2 8 408
221     11011101: 2 8 410
222     11011110: 3 8 413
223     11011111: 3 8 416
224     11100000: 2 8 418
225     11100001: 2 8 420
226     11100010: 3 8 423
227     11100011: 3 8 426
228     11100100: 2 8 428
229     11100101: 2 8 430
230     11100110: 3 8 433
231     11100111: 3 8 436
232     11101000: 3 8 439
233     11101001: 3 8 442
234     11101010: 4 8 446
235     11101011: 4 8 450
236     11101100: 3 8 453
237     11101101: 3 8 456
238     11101110: 4 8 460
239     11101111: 4 8 464
240     11110000: 2 8 466
241     11110001: 2 8 468
242     11110010: 3 8 471
243     11110011: 3 8 474
244     11110100: 2 8 476
245     11110101: 2 8 478
246     11110110: 3 8 481
247     11110111: 3 8 484
248     11111000: 3 8 487
249     11111001: 3 8 490
250     11111010: 4 8 494
251     11111011: 4 8 498
252     11111100: 3 8 501
253     11111101: 3 8 504
254     11111110: 4 8 508
255     11111111: 4 8 512
256    100000000: 0 9 512
257    100000001: 0 9 512
258    100000010: 1 9 513
259    100000011: 1 9 514
260    100000100: 0 9 514
261    100000101: 0 9 514
262    100000110: 1 9 515
263    100000111: 1 9 516
264    100001000: 1 9 517
265    100001001: 1 9 518
266    100001010: 2 9 520
267    100001011: 2 9 522
268    100001100: 1 9 523
269    100001101: 1 9 524
270    100001110: 2 9 526
271    100001111: 2 9 528
272    100010000: 0 9 528
273    100010001: 0 9 528
274    100010010: 1 9 529
275    100010011: 1 9 530
276    100010100: 0 9 530
277    100010101: 0 9 530
278    100010110: 1 9 531
279    100010111: 1 9 532
280    100011000: 1 9 533
281    100011001: 1 9 534
282    100011010: 2 9 536
283    100011011: 2 9 538
284    100011100: 1 9 539
285    100011101: 1 9 540
286    100011110: 2 9 542
287    100011111: 2 9 544
288    100100000: 1 9 545
289    100100001: 1 9 546
290    100100010: 2 9 548
291    100100011: 2 9 550
292    100100100: 1 9 551
293    100100101: 1 9 552
294    100100110: 2 9 554
295    100100111: 2 9 556
296    100101000: 2 9 558
297    100101001: 2 9 560
298    100101010: 3 9 563
299    100101011: 3 9 566
300    100101100: 2 9 568
301    100101101: 2 9 570
302    100101110: 3 9 573
303    100101111: 3 9 576
304    100110000: 1 9 577
305    100110001: 1 9 578
306    100110010: 2 9 580
307    100110011: 2 9 582
308    100110100: 1 9 583
309    100110101: 1 9 584
310    100110110: 2 9 586
311    100110111: 2 9 588
312    100111000: 2 9 590
313    100111001: 2 9 592
314    100111010: 3 9 595
315    100111011: 3 9 598
316    100111100: 2 9 600
317    100111101: 2 9 602
318    100111110: 3 9 605
319    100111111: 3 9 608
320    101000000: 0 9 608
321    101000001: 0 9 608
322    101000010: 1 9 609
323    101000011: 1 9 610
324    101000100: 0 9 610
325    101000101: 0 9 610
326    101000110: 1 9 611
327    101000111: 1 9 612
328    101001000: 1 9 613
329    101001001: 1 9 614
330    101001010: 2 9 616
331    101001011: 2 9 618
332    101001100: 1 9 619
333    101001101: 1 9 620
334    101001110: 2 9 622
335    101001111: 2 9 624
336    101010000: 0 9 624
337    101010001: 0 9 624
338    101010010: 1 9 625
339    101010011: 1 9 626
340    101010100: 0 9 626
341    101010101: 0 9 626
342    101010110: 1 9 627
343    101010111: 1 9 628
344    101011000: 1 9 629
345    101011001: 1 9 630
346    101011010: 2 9 632
347    101011011: 2 9 634
348    101011100: 1 9 635
349    101011101: 1 9 636
350    101011110: 2 9 638
351    101011111: 2 9 640
352    101100000: 1 9 641
353    101100001: 1 9 642
354    101100010: 2 9 644
355    101100011: 2 9 646
356    101100100: 1 9 647
357    101100101: 1 9 648
358    101100110: 2 9 650
359    101100111: 2 9 652
360    101101000: 2 9 654
361    101101001: 2 9 656
362    101101010: 3 9 659
363    101101011: 3 9 662
364    101101100: 2 9 664
365    101101101: 2 9 666
366    101101110: 3 9 669
367    101101111: 3 9 672
368    101110000: 1 9 673
369    101110001: 1 9 674
370    101110010: 2 9 676
371    101110011: 2 9 678
372    101110100: 1 9 679
373    101110101: 1 9 680
374    101110110: 2 9 682
375    101110111: 2 9 684
376    101111000: 2 9 686
377    101111001: 2 9 688
378    101111010: 3 9 691
379    101111011: 3 9 694
380    101111100: 2 9 696
381    101111101: 2 9 698
382    101111110: 3 9 701
383    101111111: 3 9 704
384    110000000: 1 9 705
385    110000001: 1 9 706
386    110000010: 2 9 708
387    110000011: 2 9 710
388    110000100: 1 9 711
389    110000101: 1 9 712
390    110000110: 2 9 714
391    110000111: 2 9 716
392    110001000: 2 9 718
393    110001001: 2 9 720
394    110001010: 3 9 723
395    110001011: 3 9 726
396    110001100: 2 9 728
397    110001101: 2 9 730
398    110001110: 3 9 733
399    110001111: 3 9 736
400    110010000: 1 9 737
401    110010001: 1 9 738
402    110010010: 2 9 740
403    110010011: 2 9 742
404    110010100: 1 9 743
405    110010101: 1 9 744
406    110010110: 2 9 746
407    110010111: 2 9 748
408    110011000: 2 9 750
409    110011001: 2 9 752
410    110011010: 3 9 755
411    110011011: 3 9 758
412    110011100: 2 9 760
413    110011101: 2 9 762
414    110011110: 3 9 765
415    110011111: 3 9 768
416    110100000: 2 9 770
417    110100001: 2 9 772
418    110100010: 3 9 775
419    110100011: 3 9 778
420    110100100: 2 9 780
421    110100101: 2 9 782
422    110100110: 3 9 785
423    110100111: 3 9 788
424    110101000: 3 9 791
425    110101001: 3 9 794
426    110101010: 4 9 798
427    110101011: 4 9 802
428    110101100: 3 9 805
429    110101101: 3 9 808
430    110101110: 4 9 812
431    110101111: 4 9 816
432    110110000: 2 9 818
433    110110001: 2 9 820
434    110110010: 3 9 823
435    110110011: 3 9 826
436    110110100: 2 9 828
437    110110101: 2 9 830
438    110110110: 3 9 833
439    110110111: 3 9 836
440    110111000: 3 9 839
441    110111001: 3 9 842
442    110111010: 4 9 846
443    110111011: 4 9 850
444    110111100: 3 9 853
445    110111101: 3 9 856
446    110111110: 4 9 860
447    110111111: 4 9 864
448    111000000: 1 9 865
449    111000001: 1 9 866
450    111000010: 2 9 868
451    111000011: 2 9 870
452    111000100: 1 9 871
453    111000101: 1 9 872
454    111000110: 2 9 874
455    111000111: 2 9 876
456    111001000: 2 9 878
457    111001001: 2 9 880
458    111001010: 3 9 883
459    111001011: 3 9 886
460    111001100: 2 9 888
461    111001101: 2 9 890
462    111001110: 3 9 893
463    111001111: 3 9 896
464    111010000: 1 9 897
465    111010001: 1 9 898
466    111010010: 2 9 900
467    111010011: 2 9 902
468    111010100: 1 9 903
469    111010101: 1 9 904
470    111010110: 2 9 906
471    111010111: 2 9 908
472    111011000: 2 9 910
473    111011001: 2 9 912
474    111011010: 3 9 915
475    111011011: 3 9 918
476    111011100: 2 9 920
477    111011101: 2 9 922
478    111011110: 3 9 925
479    111011111: 3 9 928
480    111100000: 2 9 930
481    111100001: 2 9 932
482    111100010: 3 9 935
483    111100011: 3 9 938
484    111100100: 2 9 940
485    111100101: 2 9 942
486    111100110: 3 9 945
487    111100111: 3 9 948
488    111101000: 3 9 951
489    111101001: 3 9 954
490    111101010: 4 9 958
491    111101011: 4 9 962
492    111101100: 3 9 965
493    111101101: 3 9 968
494    111101110: 4 9 972
495    111101111: 4 9 976
496    111110000: 2 9 978
497    111110001: 2 9 980
498    111110010: 3 9 983
499    111110011: 3 9 986
500    111110100: 2 9 988
501    111110101: 2 9 990
502    111110110: 3 9 993
503    111110111: 3 9 996
504    111111000: 3 9 999
505    111111001: 3 9 1002
506    111111010: 4 9 1006
507    111111011: 4 9 1010
508    111111100: 3 9 1013
509    111111101: 3 9 1016
510    111111110: 4 9 1020
511    111111111: 4 9 1024
512   1000000000: 1 10 1025
513   1000000001: 1 10 1026
514   1000000010: 2 10 1028
515   1000000011: 2 10 1030
516   1000000100: 1 10 1031
517   1000000101: 1 10 1032
518   1000000110: 2 10 1034
519   1000000111: 2 10 1036
520   1000001000: 2 10 1038
521   1000001001: 2 10 1040
522   1000001010: 3 10 1043
523   1000001011: 3 10 1046
524   1000001100: 2 10 1048
525   1000001101: 2 10 1050
526   1000001110: 3 10 1053
527   1000001111: 3 10 1056
528   1000010000: 1 10 1057
529   1000010001: 1 10 1058
530   1000010010: 2 10 1060
531   1000010011: 2 10 1062
532   1000010100: 1 10 1063
533   1000010101: 1 10 1064
534   1000010110: 2 10 1066
535   1000010111: 2 10 1068
536   1000011000: 2 10 1070
537   1000011001: 2 10 1072
538   1000011010: 3 10 1075
539   1000011011: 3 10 1078
540   1000011100: 2 10 1080
541   1000011101: 2 10 1082
542   1000011110: 3 10 1085
543   1000011111: 3 10 1088
544   1000100000: 2 10 1090
545   1000100001: 2 10 1092
546   1000100010: 3 10 1095
547   1000100011: 3 10 1098
548   1000100100: 2 10 1100
549   1000100101: 2 10 1102
550   1000100110: 3 10 1105
551   1000100111: 3 10 1108
552   1000101000: 3 10 1111
553   1000101001: 3 10 1114
554   1000101010: 4 10 1118
555   1000101011: 4 10 1122
556   1000101100: 3 10 1125
557   1000101101: 3 10 1128
558   1000101110: 4 10 1132
559   1000101111: 4 10 1136
560   1000110000: 2 10 1138
561   1000110001: 2 10 1140
562   1000110010: 3 10 1143
563   1000110011: 3 10 1146
564   1000110100: 2 10 1148
565   1000110101: 2 10 1150
566   1000110110: 3 10 1153
567   1000110111: 3 10 1156
568   1000111000: 3 10 1159
569   1000111001: 3 10 1162
570   1000111010: 4 10 1166
571   1000111011: 4 10 1170
572   1000111100: 3 10 1173
573   1000111101: 3 10 1176
574   1000111110: 4 10 1180
575   1000111111: 4 10 1184
576   1001000000: 1 10 1185
577   1001000001: 1 10 1186
578   1001000010: 2 10 1188
579   1001000011: 2 10 1190
580   1001000100: 1 10 1191
581   1001000101: 1 10 1192
582   1001000110: 2 10 1194
583   1001000111: 2 10 1196
584   1001001000: 2 10 1198
585   1001001001: 2 10 1200
586   1001001010: 3 10 1203
587   1001001011: 3 10 1206
588   1001001100: 2 10 1208
589   1001001101: 2 10 1210
590   1001001110: 3 10 1213
591   1001001111: 3 10 1216
592   1001010000: 1 10 1217
593   1001010001: 1 10 1218
594   1001010010: 2 10 1220
595   1001010011: 2 10 1222
596   1001010100: 1 10 1223
597   1001010101: 1 10 1224
598   1001010110: 2 10 1226
599   1001010111: 2 10 1228
600   1001011000: 2 10 1230
601   1001011001: 2 10 1232
602   1001011010: 3 10 1235
603   1001011011: 3 10 1238
604   1001011100: 2 10 1240
605   1001011101: 2 10 1242
606   1001011110: 3 10 1245
607   1001011111: 3 10 1248
608   1001100000: 2 10 1250
609   1001100001: 2 10 1252
610   1001100010: 3 10 1255
611   1001100011: 3 10 1258
612   1001100100: 2 10 1260
613   1001100101: 2 10 1262
614   1001100110: 3 10 1265
615   1001100111: 3 10 1268
616   1001101000: 3 10 1271
617   1001101001: 3 10 1274
618   1001101010: 4 10 1278
619   1001101011: 4 10 1282
620   1001101100: 3 10 1285
621   1001101101: 3 10 1288
622   1001101110: 4 10 1292
623   1001101111: 4 10 1296
624   1001110000: 2 10 1298
625   1001110001: 2 10 1300
626   1001110010: 3 10 1303
627   1001110011: 3 10 1306
628   1001110100: 2 10 1308
629   1001110101: 2 10 1310
630   1001110110: 3 10 1313
631   1001110111: 3 10 1316
632   1001111000: 3 10 1319
633   1001111001: 3 10 1322
634   1001111010: 4 10 1326
635   1001111011: 4 10 1330
636   1001111100: 3 10 1333
637   1001111101: 3 10 1336
638   1001111110: 4 10 1340
639   1001111111: 4 10 1344
640   1010000000: 2 10 1346
641   1010000001: 2 10 1348
642   1010000010: 3 10 1351
643   1010000011: 3 10 1354
644   1010000100: 2 10 1356
645   1010000101: 2 10 1358
646   1010000110: 3 10 1361
647   1010000111: 3 10 1364
648   1010001000: 3 10 1367
649   1010001001: 3 10 1370
650   1010001010: 4 10 1374
651   1010001011: 4 10 1378
652   1010001100: 3 10 1381
653   1010001101: 3 10 1384
654   1010001110: 4 10 1388
655   1010001111: 4 10 1392
656   1010010000: 2 10 1394
657   1010010001: 2 10 1396
658   1010010010: 3 10 1399
659   1010010011: 3 10 1402
660   1010010100: 2 10 1404
661   1010010101: 2 10 1406
662   1010010110: 3 10 1409
663   1010010111: 3 10 1412
664   1010011000: 3 10 1415
665   1010011001: 3 10 1418
666   1010011010: 4 10 1422
667   1010011011: 4 10 1426
668   1010011100: 3 10 1429
669   1010011101: 3 10 1432
670   1010011110: 4 10 1436
671   1010011111: 4 10 1440
672   1010100000: 3 10 1443
673   1010100001: 3 10 1446
674   1010100010: 4 10 1450
675   1010100011: 4 10 1454
676   1010100100: 3 10 1457
677   1010100101: 3 10 1460
678   1010100110: 4 10 1464
679   1010100111: 4 10 1468
680   1010101000: 4 10 1472
681   1010101001: 4 10 1476
682   1010101010: 5 10 1481
683   1010101011: 5 10 1486
684   1010101100: 4 10 1490
685   1010101101: 4 10 1494
686   1010101110: 5 10 1499
687   1010101111: 5 10 1504
688   1010110000: 3 10 1507
689   1010110001: 3 10 1510
690   1010110010: 4 10 1514
691   1010110011: 4 10 1518
692   1010110100: 3 10 1521
693   1010110101: 3 10 1524
694   1010110110: 4 10 1528
695   1010110111: 4 10 1532
696   1010111000: 4 10 1536
697   1010111001: 4 10 1540
698   1010111010: 5 10 1545
699   1010111011: 5 10 1550
700   1010111100: 4 10 1554
701   1010111101: 4 10 1558
702   1010111110: 5 10 1563
703   1010111111: 5 10 1568
704   1011000000: 2 10 1570
705   1011000001: 2 10 1572
706   1011000010: 3 10 1575
707   1011000011: 3 10 1578
708   1011000100: 2 10 1580
709   1011000101: 2 10 1582
710   1011000110: 3 10 1585
711   1011000111: 3 10 1588
712   1011001000: 3 10 1591
713   1011001001: 3 10 1594
714   1011001010: 4 10 1598
715   1011001011: 4 10 1602
716   1011001100: 3 10 1605
717   1011001101: 3 10 1608
718   1011001110: 4 10 1612
719   1011001111: 4 10 1616
720   1011010000: 2 10 1618
721   1011010001: 2 10 1620
722   1011010010: 3 10 1623
723   1011010011: 3 10 1626
724   1011010100: 2 10 1628
725   1011010101: 2 10 1630
726   1011010110: 3 10 1633
727   1011010111: 3 10 1636
728   1011011000: 3 10 1639
729   1011011001: 3 10 1642
730   1011011010: 4 10 1646
731   1011011011: 4 10 1650
732   1011011100: 3 10 1653
733   1011011101: 3 10 1656
734   1011011110: 4 10 1660
735   1011011111: 4 10 1664
736   1011100000: 3 10 1667
737   1011100001: 3 10 1670
738   1011100010: 4 10 1674
739   1011100011: 4 10 1678
740   1011100100: 3 10 1681
741   1011100101: 3 10 1684
742   1011100110: 4 10 1688
743   1011100111: 4 10 1692
744   1011101000: 4 10 1696
745   1011101001: 4 10 1700
746   1011101010: 5 10 1705
747   1011101011: 5 10 1710
748   1011101100: 4 10 1714
749   1011101101: 4 10 1718
750   1011101110: 5 10 1723
751   1011101111: 5 10 1728
752   1011110000: 3 10 1731
753   1011110001: 3 10 1734
754   1011110010: 4 10 1738
755   1011110011: 4 10 1742
756   1011110100: 3 10 1745
757   1011110101: 3 10 1748
758   1011110110: 4 10 1752
759   1011110111: 4 10 1756
760   1011111000: 4 10 1760
761   1011111001: 4 10 1764
762   1011111010: 5 10 1769
763   1011111011: 5 10 1774
764   1011111100: 4 10 1778
765   1011111101: 4 10 1782
766   1011111110: 5 10 1787
767   1011111111: 5 10 1792
768   1100000000: 1 10 1793
769   1100000001: 1 10 1794
770   1100000010: 2 10 1796
771   1100000011: 2 10 1798
772   1100000100: 1 10 1799
773   1100000101: 1 10 1800
774   1100000110: 2 10 1802
775   1100000111: 2 10 1804
776   1100001000: 2 10 1806
777   1100001001: 2 10 1808
778   1100001010: 3 10 1811
779   1100001011: 3 10 1814
780   1100001100: 2 10 1816
781   1100001101: 2 10 1818
782   1100001110: 3 10 1821
783   1100001111: 3 10 1824
784   1100010000: 1 10 1825
785   1100010001: 1 10 1826
786   1100010010: 2 10 1828
787   1100010011: 2 10 1830
788   1100010100: 1 10 1831
789   1100010101: 1 10 1832
790   1100010110: 2 10 1834
791   1100010111: 2 10 1836
792   1100011000: 2 10 1838
793   1100011001: 2 10 1840
794   1100011010: 3 10 1843
795   1100011011: 3 10 1846
796   1100011100: 2 10 1848
797   1100011101: 2 10 1850
798   1100011110: 3 10 1853
799   1100011111: 3 10 1856
800   1100100000: 2 10 1858
801   1100100001: 2 10 1860
802   1100100010: 3 10 1863
803   1100100011: 3 10 1866
804   1100100100: 2 10 1868
805   1100100101: 2 10 1870
806   1100100110: 3 10 1873
807   1100100111: 3 10 1876
808   1100101000: 3 10 1879
809   1100101001: 3 10 1882
810   1100101010: 4 10 1886
811   1100101011: 4 10 1890
812   1100101100: 3 10 1893
813   1100101101: 3 10 1896
814   1100101110: 4 10 1900
815   1100101111: 4 10 1904
816   1100110000: 2 10 1906
817   1100110001: 2 10 1908
818   1100110010: 3 10 1911
819   1100110011: 3 10 1914
820   1100110100: 2 10 1916
821   1100110101: 2 10 1918
822   1100110110: 3 10 1921
823   1100110111: 3 10 1924
824   1100111000: 3 10 1927
825   1100111001: 3 10 1930
826   1100111010: 4 10 1934
827   1100111011: 4 10 1938
828   1100111100: 3 10 1941
829   1100111101: 3 10 1944
830   1100111110: 4 10 1948
831   1100111111: 4 10 1952
832   1101000000: 1 10 1953
833   1101000001: 1 10 1954
834   1101000010: 2 10 1956
835   1101000011: 2 10 1958
836   1101000100: 1 10 1959
837   1101000101: 1 10 1960
838   1101000110: 2 10 1962
839   1101000111: 2 10 1964
840   1101001000: 2 10 1966
841   1101001001: 2 10 1968
842   1101001010: 3 10 1971
843   1101001011: 3 10 1974
844   1101001100: 2 10 1976
845   1101001101: 2 10 1978
846   1101001110: 3 10 1981
847   1101001111: 3 10 1984
848   1101010000: 1 10 1985
849   1101010001: 1 10 1986
850   1101010010: 2 10 1988
851   1101010011: 2 10 1990
852   1101010100: 1 10 1991
853   1101010101: 1 10 1992
854   1101010110: 2 10 1994
855   1101010111: 2 10 1996
856   1101011000: 2 10 1998
857   1101011001: 2 10 2000
858   1101011010: 3 10 2003
859   1101011011: 3 10 2006
860   1101011100: 2 10 2008
861   1101011101: 2 10 2010
862   1101011110: 3 10 2013
863   1101011111: 3 10 2016
864   1101100000: 2 10 2018
865   1101100001: 2 10 2020
866   1101100010: 3 10 2023
867   1101100011: 3 10 2026
868   1101100100: 2 10 2028
869   1101100101: 2 10 2030
870   1101100110: 3 10 2033
871   1101100111: 3 10 2036
872   1101101000: 3 10 2039
873   1101101001: 3 10 2042
874   1101101010: 4 10 2046
875   1101101011: 4 10 2050
876   1101101100: 3 10 2053
877   1101101101: 3 10 2056
878   1101101110: 4 10 2060
879   1101101111: 4 10 2064
880   1101110000: 2 10 2066
881   1101110001: 2 10 2068
882   1101110010: 3 10 2071
883   1101110011: 3 10 2074
884   1101110100: 2 10 2076
885   1101110101: 2 10 2078
886   1101110110: 3 10 2081
887   1101110111: 3 10 2084
888   1101111000: 3 10 2087
889   1101111001: 3 10 2090
890   1101111010: 4 10 2094
891   1101111011: 4 10 2098
892   1101111100: 3 10 2101
893   1101111101: 3 10 2104
894   1101111110: 4 10 2108
895   1101111111: 4 10 2112
896   1110000000: 2 10 2114
897   1110000001: 2 10 2116
898   1110000010: 3 10 2119
899   1110000011: 3 10 2122
900   1110000100: 2 10 2124
901   1110000101: 2 10 2126
902   1110000110: 3 10 2129
903   1110000111: 3 10 2132
904   1110001000: 3 10 2135
905   1110001001: 3 10 2138
906   1110001010: 4 10 2142
907   1110001011: 4 10 2146
908   1110001100: 3 10 2149
909   1110001101: 3 10 2152
910   1110001110: 4 10 2156
911   1110001111: 4 10 2160
912   1110010000: 2 10 2162
913   1110010001: 2 10 2164
914   1110010010: 3 10 2167
915   1110010011: 3 10 2170
916   1110010100: 2 10 2172
917   1110010101: 2 10 2174
918   1110010110: 3 10 2177
919   1110010111: 3 10 2180
920   1110011000: 3 10 2183
921   1110011001: 3 10 2186
922   1110011010: 4 10 2190
923   1110011011: 4 10 2194
924   1110011100: 3 10 2197
925   1110011101: 3 10 2200
926   1110011110: 4 10 2204
927   1110011111: 4 10 2208
928   1110100000: 3 10 2211
929   1110100001: 3 10 2214
930   1110100010: 4 10 2218
931   1110100011: 4 10 2222
932   1110100100: 3 10 2225
933   1110100101: 3 10 2228
934   1110100110: 4 10 2232
935   1110100111: 4 10 2236
936   1110101000: 4 10 2240
937   1110101001: 4 10 2244
938   1110101010: 5 10 2249
939   1110101011: 5 10 2254
940   1110101100: 4 10 2258
941   1110101101: 4 10 2262
942   1110101110: 5 10 2267
943   1110101111: 5 10 2272
944   1110110000: 3 10 2275
945   1110110001: 3 10 2278
946   1110110010: 4 10 2282
947   1110110011: 4 10 2286
948   1110110100: 3 10 2289
949   1110110101: 3 10 2292
950   1110110110: 4 10 2296
951   1110110111: 4 10 2300
952   1110111000: 4 10 2304
953   1110111001: 4 10 2308
954   1110111010: 5 10 2313
955   1110111011: 5 10 2318
956   1110111100: 4 10 2322
957   1110111101: 4 10 2326
958   1110111110: 5 10 2331
959   1110111111: 5 10 2336
960   1111000000: 2 10 2338
961   1111000001: 2 10 2340
962   1111000010: 3 10 2343
963   1111000011: 3 10 2346
964   1111000100: 2 10 2348
965   1111000101: 2 10 2350
966   1111000110: 3 10 2353
967   1111000111: 3 10 2356
968   1111001000: 3 10 2359
969   1111001001: 3 10 2362
970   1111001010: 4 10 2366
971   1111001011: 4 10 2370
972   1111001100: 3 10 2373
973   1111001101: 3 10 2376
974   1111001110: 4 10 2380
975   1111001111: 4 10 2384
976   1111010000: 2 10 2386
977   1111010001: 2 10 2388
978   1111010010: 3 10 2391
979   1111010011: 3 10 2394
980   1111010100: 2 10 2396
981   1111010101: 2 10 2398
982   1111010110: 3 10 2401
983   1111010111: 3 10 2404
984   1111011000: 3 10 2407
985   1111011001: 3 10 2410
986   1111011010: 4 10 2414
987   1111011011: 4 10 2418
988   1111011100: 3 10 2421
989   1111011101: 3 10 2424
990   1111011110: 4 10 2428
991   1111011111: 4 10 2432
992   1111100000: 3 10 2435
993   1111100001: 3 10 2438
994   1111100010: 4 10 2442
995   1111100011: 4 10 2446
996   1111100100: 3 10 2449
997   1111100101: 3 10 2452
998   1111100110: 4 10 2456
999   1111100111: 4 10 2460
1000  1111101000: 4 10 2464
1001  1111101001: 4 10 2468
1002  1111101010: 5 10 2473
1003  1111101011: 5 10 2478
1004  1111101100: 4 10 2482
1005  1111101101: 4 10 2486
1006  1111101110: 5 10 2491
1007  1111101111: 5 10 2496
1008  1111110000: 3 10 2499
1009  1111110001: 3 10 2502
1010  1111110010: 4 10 2506
1011  1111110011: 4 10 2510
1012  1111110100: 3 10 2513
1013  1111110101: 3 10 2516
1014  1111110110: 4 10 2520
1015  1111110111: 4 10 2524
1016  1111111000: 4 10 2528
1017  1111111001: 4 10 2532
1018  1111111010: 5 10 2537
1019  1111111011: 5 10 2542
1020  1111111100: 4 10 2546
1021  1111111101: 4 10 2550
1022  1111111110: 5 10 2555
1023  1111111111: 5 10 2560