0              0: 0 1 0
1              1: 1 1 1
2             10: 1 2 2
3             11: 2 2 4
4            100: 1 3 5
5            101: 2 3 7
6            110: 2 3 9
7            111: 3 3 12
8           1000: 1 4 13
9           1001: 2 4 15
10          1010: 2 4 17
11          1011: 3 4 20
12          1100: 2 4 22
13          1101: 3 4 25
14          1110: 3 4 28
15          1111: 4 4 32
16         10000: 1 5 33
17         10001: 2 5 35
18         10010: 2 5 37
19         10011: 3 5 40
20         10100: 2 5 42
21         10101: 3 5 45
22         10110: 3 5 48
23         10111: 4 5 52
24         11000: 2 5 54
25         11001: 3 5 57
26         11010: 3 5 60
27         11011: 4 5 64
28         11100: 3 5 67
29         11101: 4 5 71
30         11110: 4 5 75
31         11111: 5 5 80
32        100000: 1 6 81
33        100001: 2 6 83
34        100010: 2 6 85
35        100011: 3 6 88
36        100100: 2 6 90
37        100101: 3 6 93
38        100110: 3 6 96
39        100111: 4 6 100
40        101000: 2 6 102
41        101001: 3 6 105
42        101010: 3 6 108
43        101011: 4 6 112
44        101100: 3 6 115
45        101101: 4 6 119
46        101110: 4 6 123
47        101111: 5 6 128
48        110000: 2 6 130
49        110001: 3 6 133
50        110010: 3 6 136
51        110011: 4 6 140
52        110100: 3 6 143
53        110101: 4 6 147
54        110110: 4 6 151
55        110111: 5 6 156
56        111000: 3 6 159
57        111001: 4 6 163
58        111010: 4 6 167
59        111011: 5 6 172
60        111100: 4 6 176
61        111101: 5 6 181
62        111110: 5 6 186
63        111111: 6 6 192
64       1000000: 1 7 193
65       1000001: 2 7 195
66       1000010: 2 7 197
67       1000011: 3 7 200
68       1000100: 2 7 202
69       1000101: 3 7 205
70       1000110: 3 7 208
71       1000111: 4 7 212
72       1001000: 2 7 214
73       1001001: 3 7 217
74       1001010: 3 7 220
75       1001011: 4 7 224
76       1001100: 3 7 227
77       1001101: 4 7 231
78       1001110: 4 7 235
79       1001111: 5 7 240
80       1010000: 2 7 242
81       1010001: 3 7 245
82       1010010: 3 7 248
83       1010011: 4 7 252
84       1010100: 3 7 255
85       1010101: 4 7 259
86       1010110: 4 7 263
87       1010111: 5 7 268
88       1011000: 3 7 271
89       1011001: 4 7 275
90       1011010: 4 7 279
91       1011011: 5 7 284
92       1011100: 4 7 288
93       1011101: 5 7 293
94       1011110: 5 7 298
95       1011111: 6 7 304
96       1100000: 2 7 306
97       1100001: 3 7 309
98       1100010: 3 7 312
99       1100011: 4 7 316
100      1100100: 3 7 319
101      1100101: 4 7 323
102      1100110: 4 7 327
103      1100111: 5 7 332
104      1101000: 3 7 335
105      1101001: 4 7 339
106      1101010: 4 7 343
107      1101011: 5 7 348
108      1101100: 4 7 352
109      1101101: 5 7 357
110      1101110: 5 7 362
111      1101111: 6 7 368
112      1110000: 3 7 371
113      1110001: 4 7 375
114      1110010: 4 7 379
115      1110011: 5 7 384
116      1110100: 4 7 388
117      1110101: 5 7 393
118      1110110: 5 7 398
119      1110111: 6 7 404
120      1111000: 4 7 408
121      1111001: 5 7 413
122      1111010: 5 7 418
123      1111011: 6 7 424
124      1111100: 5 7 429
125      1111101: 6 7 435
126      1111110: 6 7 441
127      1111111: 7 7 448
128     10000000: 1 8 449
129     10000001: 2 8 451
130     10000010: 2 8 453
131     10000011: 3 8 456
132     10000100: 2 8 458
133     10000101: 3 8 461
134     10000110: 3 8 464
135     10000111: 4 8 468
136     10001000: 2 8 470
137     10001001: 3 8 473
138     10001010: 3 8 476
139     10001011: 4 8 480
140     10001100: 3 8 483
141     10001101: 4 8 487
142     10001110: 4 8 491
143     10001111: 5 8 496
144     10010000: 2 8 498
145     10010001: 3 8 501
146     10010010: 3 8 504
147     10010011: 4 8 508
148     10010100: 3 8 511
149     10010101: 4 8 515
150     10010110: 4 8 519
151     10010111: 5 8 524
152     10011000: 3 8 527
153     10011001: 4 8 531
154     10011010: 4 8 535
155     10011011: 5 8 540
156     10011100: 4 8 544
157     10011101: 5 8 549
158     10011110: 5 8 554
159     10011111: 6 8 560
160     10100000: 2 8 562
161     10100001: 3 8 565
162     10100010: 3 8 568
163     10100011: 4 8 572
164     10100100: 3 8 575
165     10100101: 4 8 579
166     10100110: 4 8 583
167     10100111: 5 8 588
168     10101000: 3 8 591
169     10101001: 4 8 595
170     10101010: 4 8 599
171     10101011: 5 8 604
172     10101100: 4 8 608
173     10101101: 5 8 613
174     10101110: 5 8 618
175     10101111: 6 8 624
176     10110000: 3 8 627
177     10110001: 4 8 631
178     10110010: 4 8 635
179     10110011: 5 8 640
180     10110100: 4 8 644
181     10110101: 5 8 649
182     10110110: 5 8 654
183     10110111: 6 8 660
184     10111000: 4 8 664
185     10111001: 5 8 669
186     10111010: 5 8 674
187     10111011: 6 8 680
188     10111100: 5 8 685
189     10111101: 6 8 691
190     10111110: 6 8 697
191     10111111: 7 8 704
192     11000000: 2 8 706
193     11000001: 3 8 709
194     11000010: 3 8 712
195     11000011: 4 8 716
196     11000100: 3 8 719
197     11000101: 4 8 723
198     11000110: 4 8 727
199     11000111: 5 8 732
200     11001000: 3 8 735
201     11001001: 4 8 739
202     11001010: 4 8 743
203     11001011: 5 8 748
204     11001100: 4 8 752
205     11001101: 5 8 757
206     11001110: 5 8 762
207     11001111: 6 8 768
208     11010000: 3 8 771
209     11010001: 4 8 775
210     11010010: 4 8 779
211     11010011: 5 8 784
212     11010100: 4 8 788
213     11010101: 5 8 793
214     11010110: 5 8 798
215     11010111: 6 8 804
216     11011000: 4 8 808
217     11011001: 5 8 813
218     11011010: 5 8 818
219     11011011: 6 8 824
220     11011100: 5 8 829
221     11011101: 6 8 835
222     11011110: 6 8 841
223     11011111: 7 8 848
224     11100000: 3 8 851
225     11100001: 4 8 855
226     11100010: 4 8 859
227     11100011: 5 8 864
228     11100100: 4 8 868
229     11100101: 5 8 873
230     11100110: 5 8 878
231     11100111: 6 8 884
232     11101000: 4 8 888
233     11101001: 5 8 893
234     11101010: 5 8 898
235     11101011: 6 8 904
236     11101100: 5 8 909
237     11101101: 6 8 915
238     11101110: 6 8 921
239     11101111: 7 8 928
240     11110000: 4 8 932
241     11110001: 5 8 937
242     11110010: 5 8 942
243     11110011: 6 8 948
244     11110100: 5 8 953
245     11110101: 6 8 959
246     11110110: 6 8 965
247     11110111: 7 8 972
248     11111000: 5 8 977
249     11111001: 6 8 983
250     11111010: 6 8 989
251     11111011: 7 8 996
252     11111100: 6 8 1002
253     11111101: 7 8 1009
254     11111110: 7 8 1016
255     11111111: 8 8 1024
256    100000000: 1 9 1025
257    100000001: 2 9 1027
258    100000010: 2 9 1029
259    100000011: 3 9 1032
260    100000100: 2 9 1034
261    100000101: 3 9 1037
262    100000110: 3 9 1040
263    100000111: 4 9 1044
264    100001000: 2 9 1046
265    100001001: 3 9 1049
266    100001010: 3 9 1052
267    100001011: 4 9 1056
268    100001100: 3 9 1059
269    100001101: 4 9 1063
270    100001110: 4 9 1067
271    100001111: 5 9 1072
272    100010000: 2 9 1074
273    100010001: 3 9 1077
274    100010010: 3 9 1080
275    100010011: 4 9 1084
276    100010100: 3 9 1087
277    100010101: 4 9 1091
278    100010110: 4 9 1095
279    100010111: 5 9 1100
280    100011000: 3 9 1103
281    100011001: 4 9 1107
282    100011010: 4 9 1111
283    100011011: 5 9 1116
284    100011100: 4 9 1120
285    100011101: 5 9 1125
286    100011110: 5 9 1130
287    100011111: 6 9 1136
288    100100000: 2 9 1138
289    100100001: 3 9 1141
290    100100010: 3 9 1144
291    100100011: 4 9 1148
292    100100100: 3 9 1151
293    100100101: 4 9 1155
294    100100110: 4 9 1159
295    100100111: 5 9 1164
296    100101000: 3 9 1167
297    100101001: 4 9 1171
298    100101010: 4 9 1175
299    100101011: 5 9 1180
300    100101100: 4 9 1184
301    100101101: 5 9 1189
302    100101110: 5 9 1194
303    100101111: 6 9 1200
304    100110000: 3 9 1203
305    100110001: 4 9 1207
306    100110010: 4 9 1211
307    100110011: 5 9 1216
308    100110100: 4 9 1220
309    100110101: 5 9 1225
310    100110110: 5 9 1230
311    100110111: 6 9 1236
312    100111000: 4 9 1240
313    100111001: 5 9 1245
314    100111010: 5 9 1250
315    100111011: 6 9 1256
316    100111100: 5 9 1261
317    100111101: 6 9 1267
318    100111110: 6 9 1273
319    100111111: 7 9 1280
320    101000000: 2 9 1282
321    101000001: 3 9 1285
322    101000010: 3 9 1288
323    101000011: 4 9 1292
324    101000100: 3 9 1295
325    101000101: 4 9 1299
326    101000110: 4 9 1303
327    101000111: 5 9 1308
328    101001000: 3 9 1311
329    101001001: 4 9 1315
330    101001010: 4 9 1319
331    101001011: 5 9 1324
332    101001100: 4 9 1328
333    101001101: 5 9 1333
334    101001110: 5 9 1338
335    101001111: 6 9 1344
336    101010000: 3 9 1347
337    101010001: 4 9 1351
338    101010010: 4 9 1355
339    101010011: 5 9 1360
340    101010100: 4 9 1364
341    101010101: 5 9 1369
342    101010110: 5 9 1374
343    101010111: 6 9 1380
344    101011000: 4 9 1384
345    101011001: 5 9 1389
346    101011010: 5 9 1394
347    101011011: 6 9 1400
348    101011100: 5 9 1405
349    101011101: 6 9 1411
350    101011110: 6 9 1417
351    101011111: 7 9 1424
352    101100000: 3 9 1427
353    101100001: 4 9 1431
354    101100010: 4 9 1435
355    101100011: 5 9 1440
356    101100100: 4 9 1444
357    101100101: 5 9 1449
358    101100110: 5 9 1454
359    101100111: 6 9 1460
360    101101000: 4 9 1464
361    101101001: 5 9 1469
362    101101010: 5 9 1474
363    101101011: 6 9 1480
364    101101100: 5 9 1485
365    101101101: 6 9 1491
366    101101110: 6 9 1497
367    101101111: 7 9 1504
368    101110000: 4 9 1508
369    101110001: 5 9 1513
370    101110010: 5 9 1518
371    101110011: 6 9 1524
372    101110100: 5 9 1529
373    101110101: 6 9 1535
374    101110110: 6 9 1541
375    101110111: 7 9 1548
376    101111000: 5 9 1553
377    101111001: 6 9 1559
378    101111010: 6 9 1565
379    101111011: 7 9 1572
380    101111100: 6 9 1578
381    101111101: 7 9 1585
382    101111110: 7 9 1592
383    101111111: 8 9 1600
384    110000000: 2 9 1602
385    110000001: 3 9 1605
386    110000010: 3 9 1608
387    110000011: 4 9 1612
388    110000100: 3 9 1615
389    110000101: 4 9 1619
390    110000110: 4 9 1623
391    110000111: 5 9 1628
392    110001000: 3 9 1631
393    110001001: 4 9 1635
394    110001010: 4 9 1639
395    110001011: 5 9 1644
396    110001100: 4 9 1648
397    110001101: 5 9 1653
398    110001110: 5 9 1658
399    110001111: 6 9 1664
400    110010000: 3 9 1667
401    110010001: 4 9 1671
402    110010010: 4 9 1675
403    110010011: 5 9 1680
404    110010100: 4 9 1684
405    110010101: 5 9 1689
406    110010110: 5 9 1694
407    110010111: 6 9 1700
408    110011000: 4 9 1704
409    110011001: 5 9 1709
410    110011010: 5 9 1714
411    110011011: 6 9 1720
412    110011100: 5 9 1725
413    110011101: 6 9 1731
414    110011110: 6 9 1737
415    110011111: 7 9 1744
416    110100000: 3 9 1747
417    110100001: 4 9 1751
418    110100010: 4 9 1755
419    110100011: 5 9 1760
420    110100100: 4 9 1764
421    110100101: 5 9 1769
422    110100110: 5 9 1774
423    110100111: 6 9 1780
424    110101000: 4 9 1784
425    110101001: 5 9 1789
426    110101010: 5 9 1794
427    110101011: 6 9 1800
428    110101100: 5 9 1805
429    110101101: 6 9 1811
430    110101110: 6 9 1817
431    110101111: 7 9 1824
432    110110000: 4 9 1828
433    110110001: 5 9 1833
434    110110010: 5 9 1838
435    110110011: 6 9 1844
436    110110100: 5 9 1849
437    110110101: 6 9 1855
438    110110110: 6 9 1861
439    110110111: 7 9 1868
440    110111000: 5 9 1873
441    110111001: 6 9 1879
442    110111010: 6 9 1885
443    110111011: 7 9 1892
444    110111100: 6 9 1898
445    110111101: 7 9 1905
446    110111110: 7 9 1912
447    110111111: 8 9 1920
448    111000000: 3 9 1923
449    111000001: 4 9 1927
450    111000010: 4 9 1931
451    111000011: 5 9 1936
452    111000100: 4 9 1940
453    111000101: 5 9 1945
454    111000110: 5 9 1950
455    111000111: 6 9 1956
456    111001000: 4 9 1960
457    111001001: 5 9 1965
458    111001010: 5 9 1970
459    111001011: 6 9 1976
460    111001100: 5 9 1981
461    111001101: 6 9 1987
462    111001110: 6 9 1993
463    111001111: 7 9 2000
464    111010000: 4 9 2004
465    111010001: 5 9 2009
466    111010010: 5 9 2014
467    111010011: 6 9 2020
468    111010100: 5 9 2025
469    111010101: 6 9 2031
470    111010110: 6 9 2037
471    111010111: 7 9 2044
472    111011000: 5 9 2049
473    111011001: 6 9 2055
474    111011010: 6 9 2061
475    111011011: 7 9 2068
476    111011100: 6 9 2074
477    111011101: 7 9 2081
478    111011110: 7 9 2088
479    111011111: 8 9 2096
480    111100000: 4 9 2100
481    111100001: 5 9 2105
482    111100010: 5 9 2110
483    111100011: 6 9 2116
484    111100100: 5 9 2121
485    111100101: 6 9 2127
486    111100110: 6 9 2133
487    111100111: 7 9 2140
488    111101000: 5 9 2145
489    111101001: 6 9 2151
490    111101010: 6 9 2157
491    111101011: 7 9 2164
492    111101100: 6 9 2170
493    111101101: 7 9 2177
494    111101110: 7 9 2184
495    111101111: 8 9 2192
496    111110000: 5 9 2197
497    111110001: 6 9 2203
498    111110010: 6 9 2209
499    111110011: 7 9 2216
500    111110100: 6 9 2222
501    111110101: 7 9 2229
502    111110110: 7 9 2236
503    111110111: 8 9 2244
504    111111000: 6 9 2250
505    111111001: 7 9 2257
506    111111010: 7 9 2264
507    111111011: 8 9 2272
508    111111100: 7 9 2279
509    111111101: 8 9 2287
510    111111110: 8 9 2295
511    111111111: 9 9 2304
512   1000000000: 1 10 2305
513   1000000001: 2 10 2307
514   1000000010: 2 10 2309
515   1000000011: 3 10 2312
516   1000000100: 2 10 2314
517   1000000101: 3 10 2317
518   1000000110: 3 10 2320
519   1000000111: 4 10 2324
520   1000001000: 2 10 2326
521   1000001001: 3 10 2329
522   1000001010: 3 10 2332
523   1000001011: 4 10 2336
524   1000001100: 3 10 2339
525   1000001101: 4 10 2343
526   1000001110: 4 10 2347
527   1000001111: 5 10 2352
528   1000010000: 2 10 2354
529   1000010001: 3 10 2357
530   1000010010: 3 10 2360
531   1000010011: 4 10 2364
532   1000010100: 3 10 2367
533   1000010101: 4 10 2371
534   1000010110: 4 10 2375
535   1000010111: 5 10 2380
536   1000011000: 3 10 2383
537   1000011001: 4 10 2387
538   1000011010: 4 10 2391
539   1000011011: 5 10 2396
540   1000011100: 4 10 2400
541   1000011101: 5 10 2405
542   1000011110: 5 10 2410
543   1000011111: 6 10 2416
544   1000100000: 2 10 2418
545   1000100001: 3 10 2421
546   1000100010: 3 10 2424
547   1000100011: 4 10 2428
548   1000100100: 3 10 2431
549   1000100101: 4 10 2435
550   1000100110: 4 10 2439
551   1000100111: 5 10 2444
552   1000101000: 3 10 2447
553   1000101001: 4 10 2451
554   1000101010: 4 10 2455
555   1000101011: 5 10 2460
556   1000101100: 4 10 2464
557   1000101101: 5 10 2469
558   1000101110: 5 10 2474
559   1000101111: 6 10 2480
560   1000110000: 3 10 2483
561   1000110001: 4 10 2487
562   1000110010: 4 10 2491
563   1000110011: 5 10 2496
564   1000110100: 4 10 2500
565   1000110101: 5 10 2505
566   1000110110: 5 10 2510
567   1000110111: 6 10 2516
568   1000111000: 4 10 2520
569   1000111001: 5 10 2525
570   1000111010: 5 10 2530
571   1000111011: 6 10 2536
572   1000111100: 5 10 2541
573   1000111101: 6 10 2547
574   1000111110: 6 10 2553
575   1000111111: 7 10 2560
576   1001000000: 2 10 2562
577   1001000001: 3 10 2565
578   1001000010: 3 10 2568
579   1001000011: 4 10 2572
580   1001000100: 3 10 2575
581   1001000101: 4 10 2579
582   1001000110: 4 10 2583
583   1001000111: 5 10 2588
584   1001001000: 3 10 2591
585   1001001001: 4 10 2595
586   1001001010: 4 10 2599
587   1001001011: 5 10 2604
588   1001001100: 4 10 2608
589   1001001101: 5 10 2613
590   1001001110: 5 10 2618
591   1001001111: 6 10 2624
592   1001010000: 3 10 2627
593   1001010001: 4 10 2631
594   1001010010: 4 10 2635
595   1001010011: 5 10 2640
596   1001010100: 4 10 2644
597   1001010101: 5 10 2649
598   1001010110: 5 10 2654
599   1001010111: 6 10 2660
600   1001011000: 4 10 2664
601   1001011001: 5 10 2669
602   1001011010: 5 10 2674
603   1001011011: 6 10 2680
604   1001011100: 5 10 2685
605   1001011101: 6 10 2691
606   1001011110: 6 10 2697
607   1001011111: 7 10 2704
608   1001100000: 3 10 2707
609   1001100001: 4 10 2711
610   1001100010: 4 10 2715
611   1001100011: 5 10 2720
612   1001100100: 4 10 2724
613   1001100101: 5 10 2729
614   1001100110: 5 10 2734
615   1001100111: 6 10 2740
616   1001101000: 4 10 2744
617   1001101001: 5 10 2749
618   1001101010: 5 10 2754
619   1001101011: 6 10 2760
620   1001101100: 5 10 2765
621   1001101101: 6 10 2771
622   1001101110: 6 10 2777
623   1001101111: 7 10 2784
624   1001110000: 4 10 2788
625   1001110001: 5 10 2793
626   1001110010: 5 10 2798
627   1001110011: 6 10 2804
628   1001110100: 5 10 2809
629   1001110101: 6 10 2815
630   1001110110: 6 10 2821
631   1001110111: 7 10 2828
632   1001111000: 5 10 2833
633   1001111001: 6 10 2839
634   1001111010: 6 10 2845
635   1001111011: 7 10 2852
636   1001111100: 6 10 2858
637   1001111101: 7 10 2865
638   1001111110: 7 10 2872
639   1001111111: 8 10 2880
640   1010000000: 2 10 2882
641   1010000001: 3 10 2885
642   1010000010: 3 10 2888
643   1010000011: 4 10 2892
644   1010000100: 3 10 2895
645   1010000101: 4 10 2899
646   1010000110: 4 10 2903
647   1010000111: 5 10 2908
648   1010001000: 3 10 2911
649   1010001001: 4 10 2915
650   1010001010: 4 10 2919
651   1010001011: 5 10 2924
652   1010001100: 4 10 2928
653   1010001101: 5 10 2933
654   1010001110: 5 10 2938
655   1010001111: 6 10 2944
656   1010010000: 3 10 2947
657   1010010001: 4 10 2951
658   1010010010: 4 10 2955
659   1010010011: 5 10 2960
660   1010010100: 4 10 2964
661   1010010101: 5 10 2969
662   1010010110: 5 10 2974
663   1010010111: 6 10 2980
664   1010011000: 4 10 2984
665   1010011001: 5 10 2989
666   1010011010: 5 10 2994
667   1010011011: 6 10 3000
668   1010011100: 5 10 3005
669   1010011101: 6 10 3011
670   1010011110: 6 10 3017
671   1010011111: 7 10 3024
672   1010100000: 3 10 3027
673   1010100001: 4 10 3031
674   1010100010: 4 10 3035
675   1010100011: 5 10 3040
676   1010100100: 4 10 3044
677   1010100101: 5 10 3049
678   1010100110: 5 10 3054
679   1010100111: 6 10 3060
680   1010101000: 4 10 3064
681   1010101001: 5 10 3069
682   1010101010: 5 10 3074
683   1010101011: 6 10 3080
684   1010101100: 5 10 3085
685   1010101101: 6 10 3091
686   1010101110: 6 10 3097
687   1010101111: 7 10 3104
688   1010110000: 4 10 3108
689   1010110001: 5 10 3113
690   1010110010: 5 10 3118
691   1010110011: 6 10 3124
692   1010110100: 5 10 3129
693   1010110101: 6 10 3135
694   1010110110: 6 10 3141
695   1010110111: 7 10 3148
696   1010111000: 5 10 3153
697   1010111001: 6 10 3159
698   1010111010: 6 10 3165
699   1010111011: 7 10 3172
700   1010111100: 6 10 3178
701   1010111101: 7 10 3185
702   1010111110: 7 10 3192
703   1010111111: 8 10 3200
704   1011000000: 3 10 3203
705   1011000001: 4 10 3207
706   1011000010: 4 10 3211
707   1011000011: 5 10 3216
708   1011000100: 4 10 3220
709   1011000101: 5 10 3225
710   1011000110: 5 10 3230
711   1011000111: 6 10 3236
712   1011001000: 4 10 3240
713   1011001001: 5 10 3245
714   1011001010: 5 10 3250
715   1011001011: 6 10 3256
716   1011001100: 5 10 3261
717   1011001101: 6 10 3267
718   1011001110: 6 10 3273
719   1011001111: 7 10 3280
720   1011010000: 4 10 3284
721   1011010001: 5 10 3289
722   1011010010: 5 10 3294
723   1011010011: 6 10 3300
724   1011010100: 5 10 3305
725   1011010101: 6 10 3311
726   1011010110: 6 10 3317
727   1011010111: 7 10 3324
728   1011011000: 5 10 3329
729   1011011001: 6 10 3335
730   1011011010: 6 10 3341
731   1011011011: 7 10 3348
732   1011011100: 6 10 3354
733   1011011101: 7 10 3361
734   1011011110: 7 10 3368
735   1011011111: 8 10 3376
736   1011100000: 4 10 3380
737   1011100001: 5 10 3385
738   1011100010: 5 10 3390
739   1011100011: 6 10 3396
740   1011100100: 5 10 3401
741   1011100101: 6 10 3407
742   1011100110: 6 10 3413
743   1011100111: 7 10 3420
744   1011101000: 5 10 3425
745   1011101001: 6 10 3431
746   1011101010: 6 10 3437
747   1011101011: 7 10 3444
748   1011101100: 6 10 3450
749   1011101101: 7 10 3457
750   1011101110: 7 10 3464
751   1011101111: 8 10 3472
752   1011110000: 5 10 3477
753   1011110001: 6 10 3483
754   1011110010: 6 10 3489
755   1011110011: 7 10 3496
756   1011110100: 6 10 3502
757   1011110101: 7 10 3509
758   1011110110: 7 10 3516
759   1011110111: 8 10 3524
760   1011111000: 6 10 3530
761   1011111001: 7 10 3537
762   1011111010: 7 10 3544
763   1011111011: 8 10 3552
764   1011111100: 7 10 3559
765   1011111101: 8 10 3567
766   1011111110: 8 10 3575
767   1011111111: 9 10 3584
768   1100000000: 2 10 3586
769   1100000001: 3 10 3589
770   1100000010: 3 10 3592
771   1100000011: 4 10 3596
772   1100000100: 3 10 3599
773   1100000101: 4 10 3603
774   1100000110: 4 10 3607
775   1100000111: 5 10 3612
776   1100001000: 3 10 3615
777   1100001001: 4 10 3619
778   1100001010: 4 10 3623
779   1100001011: 5 10 3628
780   1100001100: 4 10 3632
781   1100001101: 5 10 3637
782   1100001110: 5 10 3642
783   1100001111: 6 10 3648
784   1100010000: 3 10 3651
785   1100010001: 4 10 3655
786   1100010010: 4 10 3659
787   1100010011: 5 10 3664
788   1100010100: 4 10 3668
789   1100010101: 5 10 3673
790   1100010110: 5 10 3678
791   1100010111: 6 10 3684
792   1100011000: 4 10 3688
793   1100011001: 5 10 3693
794   1100011010: 5 10 3698
795   1100011011: 6 10 3704
796   1100011100: 5 10 3709
797   1100011101: 6 10 3715
798   1100011110: 6 10 3721
799   1100011111: 7 10 3728
800   1100100000: 3 10 3731
801   1100100001: 4 10 3735
802   1100100010: 4 10 3739
803   1100100011: 5 10 3744
804   1100100100: 4 10 3748
805   1100100101: 5 10 3753
806   1100100110: 5 10 3758
807   1100100111: 6 10 3764
808   1100101000: 4 10 3768
809   1100101001: 5 10 3773
810   1100101010: 5 10 3778
811   1100101011: 6 10 3784
812   1100101100: 5 10 3789
813   1100101101: 6 10 3795
814   1100101110: 6 10 3801
815   1100101111: 7 10 3808
816   1100110000: 4 10 3812
817   1100110001: 5 10 3817
818   1100110010: 5 10 3822
819   1100110011: 6 10 3828
820   1100110100: 5 10 3833
821   1100110101: 6 10 3839
822   1100110110: 6 10 3845
823   1100110111: 7 10 3852
824   1100111000: 5 10 3857
825   1100111001: 6 10 3863
826   1100111010: 6 10 3869
827   1100111011: 7 10 3876
828   1100111100: 6 10 3882
829   1100111101: 7 10 3889
830   1100111110: 7 10 3896
831   1100111111: 8 10 3904
832   1101000000: 3 10 3907
833   1101000001: 4 10 3911
834   1101000010: 4 10 3915
835   1101000011: 5 10 3920
836   1101000100: 4 10 3924
837   1101000101: 5 10 3929
838   1101000110: 5 10 3934
839   1101000111: 6 10 3940
840   1101001000: 4 10 3944
841   1101001001: 5 10 3949
842   1101001010: 5 10 3954
843   1101001011: 6 10 3960
844   1101001100: 5 10 3965
845   1101001101: 6 10 3971
846   1101001110: 6 10 3977
847   1101001111: 7 10 3984
848   1101010000: 4 10 3988
849   1101010001: 5 10 3993
850   1101010010: 5 10 3998
851   1101010011: 6 10 4004
852   1101010100: 5 10 4009
853   1101010101: 6 10 4015
854   1101010110: 6 10 4021
855   1101010111: 7 10 4028
856   1101011000: 5 10 4033
857   1101011001: 6 10 4039
858   1101011010: 6 10 4045
859   1101011011: 7 10 4052
860   1101011100: 6 10 4058
861   1101011101: 7 10 4065
862   1101011110: 7 10 4072
863   1101011111: 8 10 4080
864   1101100000: 4 10 4084
865   1101100001: 5 10 4089
866   1101100010: 5 10 4094
867   1101100011: 6 10 4100
868   1101100100: 5 10 4105
869   1101100101: 6 10 4111
870   1101100110: 6 10 4117
871   1101100111: 7 10 4124
872   1101101000: 5 10 4129
873   1101101001: 6 10 4135
874   1101101010: 6 10 4141
875   1101101011: 7 10 4148
876   1101101100: 6 10 4154
877   1101101101: 7 10 4161
878   1101101110: 7 10 4168
879   1101101111: 8 10 4176
880   1101110000: 5 10 4181
881   1101110001: 6 10 4187
882   1101110010: 6 10 4193
883   1101110011: 7 10 4200
884   1101110100: 6 10 4206
885   1101110101: 7 10 4213
886   1101110110: 7 10 4220
887   1101110111: 8 10 4228
888   1101111000: 6 10 4234
889   1101111001: 7 10 4241
890   1101111010: 7 10 4248
891   1101111011: 8 10 4256
892   1101111100: 7 10 4263
893   1101111101: 8 10 4271
894   1101111110: 8 10 4279
895   1101111111: 9 10 4288
896   1110000000: 3 10 4291
897   1110000001: 4 10 4295
898   1110000010: 4 10 4299
899   1110000011: 5 10 4304
900   1110000100: 4 10 4308
901   1110000101: 5 10 4313
902   1110000110: 5 10 4318
903   1110000111: 6 10 4324
904   1110001000: 4 10 4328
905   1110001001: 5 10 4333
906   1110001010: 5 10 4338
907   1110001011: 6 10 4344
908   1110001100: 5 10 4349
909   1110001101: 6 10 4355
910   1110001110: 6 10 4361
911   1110001111: 7 10 4368
912   1110010000: 4 10 4372
913   1110010001: 5 10 4377
914   1110010010: 5 10 4382
915   1110010011: 6 10 4388
916   1110010100: 5 10 4393
917   1110010101: 6 10 4399
918   1110010110: 6 10 4405
919   1110010111: 7 10 4412
920   1110011000: 5 10 4417
921   1110011001: 6 10 4423
922   1110011010: 6 10 4429
923   1110011011: 7 10 4436
924   1110011100: 6 10 4442
925   1110011101: 7 10 4449
926   1110011110: 7 10 4456
927   1110011111: 8 10 4464
928   1110100000: 4 10 4468
929   1110100001: 5 10 4473
930   1110100010: 5 10 4478
931   1110100011: 6 10 4484
932   1110100100: 5 10 4489
933   1110100101: 6 10 4495
934   1110100110: 6 10 4501
935   1110100111: 7 10 4508
936   1110101000: 5 10 4513
937   1110101001: 6 10 4519
938   1110101010: 6 10 4525
939   1110101011: 7 10 4532
940   1110101100: 6 10 4538
941   1110101101: 7 10 4545
942   1110101110: 7 10 4552
943   1110101111: 8 10 4560
944   1110110000: 5 10 4565
945   1110110001: 6 10 4571
946   1110110010: 6 10 4577
947   1110110011: 7 10 4584
948   1110110100: 6 10 4590
949   1110110101: 7 10 4597
950   1110110110: 7 10 4604
951   1110110111: 8 10 4612
952   1110111000: 6 10 4618
953   1110111001: 7 10 4625
954   1110111010: 7 10 4632
955   1110111011: 8 10 4640
956   1110111100: 7 10 4647
957   1110111101: 8 10 4655
958   1110111110: 8 10 4663
959   1110111111: 9 10 4672
960   1111000000: 4 10 4676
961   1111000001: 5 10 4681
962   1111000010: 5 10 4686
963   1111000011: 6 10 4692
964   1111000100: 5 10 4697
965   1111000101: 6 10 4703
966   1111000110: 6 10 4709
967   1111000111: 7 10 4716
968   1111001000: 5 10 4721
969   1111001001: 6 10 4727
970   1111001010: 6 10 4733
971   1111001011: 7 10 4740
972   1111001100: 6 10 4746
973   1111001101: 7 10 4753
974   1111001110: 7 10 4760
975   1111001111: 8 10 4768
976   1111010000: 5 10 4773
977   1111010001: 6 10 4779
978   1111010010: 6 10 4785
979   1111010011: 7 10 4792
980   1111010100: 6 10 4798
981   1111010101: 7 10 4805
982   1111010110: 7 10 4812
983   1111010111: 8 10 4820
984   1111011000: 6 10 4826
985   1111011001: 7 10 4833
986   1111011010: 7 10 4840
987   1111011011: 8 10 4848
988   1111011100: 7 10 4855
989   1111011101: 8 10 4863
990   1111011110: 8 10 4871
991   1111011111: 9 10 4880
992   1111100000: 5 10 4885
993   1111100001: 6 10 4891
994   1111100010: 6 10 4897
995   1111100011: 7 10 4904
996   1111100100: 6 10 4910
997   1111100101: 7 10 4917
998   1111100110: 7 10 4924
999   1111100111: 8 10 4932
1000  1111101000: 6 10 4938
1001  1111101001: 7 10 4945
1002  1111101010: 7 10 4952
1003  1111101011: 8 10 4960
1004  1111101100: 7 10 4967
1005  1111101101: 8 10 4975
1006  1111101110: 8 10 4983
1007  1111101111: 9 10 4992
1008  1111110000: 6 10 4998
1009  1111110001: 7 10 5005
1010  1111110010: 7 10 5012
1011  1111110011: 8 10 5020
1012  1111110100: 7 10 5027
1013  1111110101: 8 10 5035
1014  1111110110: 8 10 5043
1015  1111110111: 9 10 5052
1016  1111111000: 7 10 5059
1017  1111111001: 8 10 5067
1018  1111111010: 8 10 5075
1019  1111111011: 9 10 5084
1020  1111111100: 8 10 5092
1021  1111111101: 9 10 5101
1022  1111111110: 9 10 5110
1023  1111111111: 10 10 5120