0              0: 0 1 0
1              1: 0 1 0
2             10: 0 2 0
3             11: 0 2 0
4            100: 1 3 1
5            101: 1 3 2
6            110: 1 3 3
7            111: 1 3 4
8           1000: 0 4 4
9           1001: 0 4 4
10          1010: 0 4 4
11          1011: 0 4 4
12          1100: 1 4 5
13          1101: 1 4 6
14          1110: 1 4 7
15          1111: 1 4 8
16         10000: 0 5 8
17         10001: 0 5 8
18         10010: 0 5 8
19         10011: 0 5 8
20         10100: 1 5 9
21         10101: 1 5 10
22         10110: 1 5 11
23         10111: 1 5 12
24         11000: 0 5 12
25         11001: 0 5 12
26         11010: 0 5 12
27         11011: 0 5 12
28         11100: 1 5 13
29         11101: 1 5 14
30         11110: 1 5 15
31         11111: 1 5 16
32        100000: 1 6 17
33        100001: 1 6 18
34        100010: 1 6 19
35        100011: 1 6 20
36        100100: 2 6 22
37        100101: 2 6 24
38        100110: 2 6 26
39        100111: 2 6 28
40        101000: 1 6 29
41        101001: 1 6 30
42        101010: 1 6 31
43        101011: 1 6 32
44        101100: 2 6 34
45        101101: 2 6 36
46        101110: 2 6 38
47        101111: 2 6 40
48        110000: 1 6 41
49        110001: 1 6 42
50        110010: 1 6 43
51        110011: 1 6 44
52        110100: 2 6 46
53        110101: 2 6 48
54        110110: 2 6 50
55        110111: 2 6 52
56        111000: 1 6 53
57        111001: 1 6 54
58        111010: 1 6 55
59        111011: 1 6 56
60        111100: 2 6 58
61        111101: 2 6 60
62        111110: 2 6 62
63        111111: 2 6 64
64       1000000: 0 7 64
65       1000001: 0 7 64
66       1000010: 0 7 64
67       1000011: 0 7 64
68       1000100: 1 7 65
69       1000101: 1 7 66
70       1000110: 1 7 67
71       1000111: 1 7 68
72       1001000: 0 7 68
73       1001001: 0 7 68
74       1001010: 0 7 68
75       1001011: 0 7 68
76       1001100: 1 7 69
77       1001101: 1 7 70
78       1001110: 1 7 71
79       1001111: 1 7 72
80       1010000: 0 7 72
81       1010001: 0 7 72
82       1010010: 0 7 72
83       1010011: 0 7 72
84       1010100: 1 7 73
85       1010101: 1 7 74
86       1010110: 1 7 75
87       1010111: 1 7 76
88       1011000: 0 7 76
89       1011001: 0 7 76
90       1011010: 0 7 76
91       1011011: 0 7 76
92       1011100: 1 7 77
93       1011101: 1 7 78
94       1011110: 1 7 79
95       1011111: 1 7 80
96       1100000: 1 7 81
97       1100001: 1 7 82
98       1100010: 1 7 83
99       1100011: 1 7 84
100      1100100: 2 7 86
101      1100101: 2 7 88
102      1100110: 2 7 90
103      1100111: 2 7 92
104      1101000: 1 7 93
105      1101001: 1 7 94
106      1101010: 1 7 95
107      1101011: 1 7 96
108      1101100: 2 7 98
109      1101101: 2 7 100
110      1101110: 2 7 102
111      1101111: 2 7 104
112      1110000: 1 7 105
113      1110001: 1 7 106
114      1110010: 1 7 107
115      1110011: 1 7 108
116      1110100: 2 7 110
117      1110101: 2 7 112
118      1110110: 2 7 114
119      1110111: 2 7 116
120      1111000: 1 7 117
121      1111001: 1 7 118
122      1111010: 1 7 119
123      1111011: 1 7 120
124      1111100: 2 7 122
125      1111101: 2 7 124
126      1111110: 2 7 126
127      1111111: 2 7 128
128     10000000: 0 8 128
129     10000001: 0 8 128
130     10000010: 0 8 128
131     10000011: 0 8 128
132     10000100: 1 8 129
133     10000101: 1 8 130
134     10000110: 1 8 131
135     10000111: 1 8 132
136     10001000: 0 8 132
137     10001001: 0 8 132
138     10001010: 0 8 132
139     10001011: 0 8 132
140     10001100: 1 8 133
141     10001101: 1 8 134
142     10001110: 1 8 135
143     10001111: 1 8 136
144     10010000: 0 8 136
145     10010001: 0 8 136
146     10010010: 0 8 136
147     10010011: 0 8 136
148     10010100: 1 8 137
149     10010101: 1 8 138
150     10010110: 1 8 139
151     10010111: 1 8 140
152     10011000: 0 8 140
153     10011001: 0 8 140
154     10011010: 0 8 140
155     10011011: 0 8 140
156     10011100: 1 8 141
157     10011101: 1 8 142
158     10011110: 1 8 143
159     10011111: 1 8 144
160     10100000: 1 8 145
161     10100001: 1 8 146
162     10100010: 1 8 147
163     10100011: 1 8 148
164     10100100: 2 8 150
165     10100101: 2 8 152
166     10100110: 2 8 154
167     10100111: 2 8 156
168     10101000: 1 8 157
169     10101001: 1 8 158
170     10101010: 1 8 159
171     10101011: 1 8 160
172     10101100: 2 8 162
173     10101101: 2 8 164
174     10101110: 2 8 166
175     10101111: 2 8 168
176     10110000: 1 8 169
177     10110001: 1 8 170
178     10110010: 1 8 171
179     10110011: 1 8 172
180     10110100: 2 8 174
181     10110101: 2 8 176
182     10110110: 2 8 178
183     10110111: 2 8 180
184     10111000: 1 8 181
185     10111001: 1 8 182
186     10111010: 1 8 183
187     10111011: 1 8 184
188     10111100: 2 8 186
189     10111101: 2 8 188
190     10111110: 2 8 190
191     10111111: 2 8 192
192     11000000: 0 8 192
193     11000001: 0 8 192
194     11000010: 0 8 192
195     11000011: 0 8 192
196     11000100: 1 8 193
197     11000101: 1 8 194
198     11000110: 1 8 195
199     11000111: 1 8 196
200     11001000: 0 8 196
201     11001001: 0 8 196
202     11001010: 0 8 196
203     11001011: 0 8 196
204     11001100: 1 8 197
205     11001101: 1 8 198
206     11001110: 1 8 199
207     11001111: 1 8 200
208     11010000: 0 8 200
209     11010001: 0 8 200
210     11010010: 0 8 200
211     11010011: 0 8 200
212     11010100: 1 8 201
213     11010101: 1 8 202
214     11010110: 1 8 203
215     11010111: 1 8 204
216     11011000: 0 8 204
217     11011001: 0 8 204
218     11011010: 0 8 204
219     11011011: 0 8 204
220     11011100: 1 8 205
221     11011101: 1 8 206
222     11011110: 1 8 207
223     11011111: 1 8 208
224     11100000: 1 8 209
225     11100001: 1 8 210
226     11100010: 1 8 211
227     11100011: 1 8 212
228     11100100: 2 8 214
229     11100101: 2 8 216
230     11100110: 2 8 218
231     11100111: 2 8 220
232     11101000: 1 8 221
233     11101001: 1 8 222
234     11101010: 1 8 223
235     11101011: 1 8 224
236     11101100: 2 8 226
237     11101101: 2 8 228
238     11101110: 2 8 230
239     11101111: 2 8 232
240     11110000: 1 8 233
241     11110001: 1 8 234
242     11110010: 1 8 235
243     11110011: 1 8 236
244     11110100: 2 8 238
245     11110101: 2 8 240
246     11110110: 2 8 242
247     11110111: 2 8 244
248     11111000: 1 8 245
249     11111001: 1 8 246
250     11111010: 1 8 247
251     11111011: 1 8 248
252     11111100: 2 8 250
253     11111101: 2 8 252
254     11111110: 2 8 254
255     11111111: 2 8 256
256    100000000: 1 9 257
257    100000001: 1 9 258
258    100000010: 1 9 259
259    100000011: 1 9 260
260    100000100: 2 9 262
261    100000101: 2 9 264
262    100000110: 2 9 266
263    100000111: 2 9 268
264    100001000: 1 9 269
265    100001001: 1 9 270
266    100001010: 1 9 271
267    100001011: 1 9 272
268    100001100: 2 9 274
269    100001101: 2 9 276
270    100001110: 2 9 278
271    100001111: 2 9 280
272    100010000: 1 9 281
273    100010001: 1 9 282
274    100010010: 1 9 283
275    100010011: 1 9 284
276    100010100: 2 9 286
277    100010101: 2 9 288
278    100010110: 2 9 290
279    100010111: 2 9 292
280    100011000: 1 9 293
281    100011001: 1 9 294
282    100011010: 1 9 295
283    100011011: 1 9 296
284    100011100: 2 9 298
285    100011101: 2 9 300
286    100011110: 2 9 302
287    100011111: 2 9 304
288    100100000: 2 9 306
289    100100001: 2 9 308
290    100100010: 2 9 310
291    100100011: 2 9 312
292    100100100: 3 9 315
293    100100101: 3 9 318
294    100100110: 3 9 321
295    100100111: 3 9 324
296    100101000: 2 9 326
297    100101001: 2 9 328
298    100101010: 2 9 330
299    100101011: 2 9 332
300    100101100: 3 9 335
301    100101101: 3 9 338
302    100101110: 3 9 341
303    100101111: 3 9 344
304    100110000: 2 9 346
305    100110001: 2 9 348
306    100110010: 2 9 350
307    100110011: 2 9 352
308    100110100: 3 9 355
309    100110101: 3 9 358
310    100110110: 3 9 361
311    100110111: 3 9 364
312    100111000: 2 9 366
313    100111001: 2 9 368
314    100111010: 2 9 370
315    100111011: 2 9 372
316    100111100: 3 9 375
317    100111101: 3 9 378
318    100111110: 3 9 381
319    100111111: 3 9 384
320    101000000: 1 9 385
321    101000001: 1 9 386
322    101000010: 1 9 387
323    101000011: 1 9 388
324    101000100: 2 9 390
325    101000101: 2 9 392
326    101000110: 2 9 394
327    101000111: 2 9 396
328    101001000: 1 9 397
329    101001001: 1 9 398
330    101001010: 1 9 399
331    101001011: 1 9 400
332    101001100: 2 9 402
333    101001101: 2 9 404
334    101001110: 2 9 406
335    101001111: 2 9 408
336    101010000: 1 9 409
337    101010001: 1 9 410
338    101010010: 1 9 411
339    101010011: 1 9 412
340    101010100: 2 9 414
341    101010101: 2 9 416
342    101010110: 2 9 418
343    101010111: 2 9 420
344    101011000: 1 9 421
345    101011001: 1 9 422
346    101011010: 1 9 423
347    101011011: 1 9 424
348    101011100: 2 9 426
349    101011101: 2 9 428
350    101011110: 2 9 430
351    101011111: 2 9 432
352    101100000: 2 9 434
353    101100001: 2 9 436
354    101100010: 2 9 438
355    101100011: 2 9 440
356    101100100: 3 9 443
357    101100101: 3 9 446
358    101100110: 3 9 449
359    101100111: 3 9 452
360    101101000: 2 9 454
361    101101001: 2 9 456
362    101101010: 2 9 458
363    101101011: 2 9 460
364    101101100: 3 9 463
365    101101101: 3 9 466
366    101101110: 3 9 469
367    101101111: 3 9 472
368    101110000: 2 9 474
369    101110001: 2 9 476
370    101110010: 2 9 478
371    101110011: 2 9 480
372    101110100: 3 9 483
373    101110101: 3 9 486
374    101110110: 3 9 489
375    101110111: 3 9 492
376    101111000: 2 9 494
377    101111001: 2 9 496
378    101111010: 2 9 498
379    101111011: 2 9 500
380    101111100: 3 9 503
381    101111101: 3 9 506
382    101111110: 3 9 509
383    101111111: 3 9 512
384    110000000: 1 9 513
385    110000001: 1 9 514
386    110000010: 1 9 515
387    110000011: 1 9 516
388    110000100: 2 9 518
389    110000101: 2 9 520
390    110000110: 2 9 522
391    110000111: 2 9 524
392    110001000: 1 9 525
393    110001001: 1 9 526
394    110001010: 1 9 527
395    110001011: 1 9 528
396    110001100: 2 9 530
397    110001101: 2 9 532
398    110001110: 2 9 534
399    110001111: 2 9 536
400    110010000: 1 9 537
401    110010001: 1 9 538
402    110010010: 1 9 539
403    110010011: 1 9 540
404    110010100: 2 9 542
405    110010101: 2 9 544
406    110010110: 2 9 546
407    110010111: 2 9 548
408    110011000: 1 9 549
409    110011001: 1 9 550
410    110011010: 1 9 551
411    110011011: 1 9 552
412    110011100: 2 9 554
413    110011101: 2 9 556
414    110011110: 2 9 558
415    110011111: 2 9 560
416    110100000: 2 9 562
417    110100001: 2 9 564
418    110100010: 2 9 566
419    110100011: 2 9 568
420    110100100: 3 9 571
421    110100101: 3 9 574
422    110100110: 3 9 577
423    110100111: 3 9 580
424    110101000: 2 9 582
425    110101001: 2 9 584
426    110101010: 2 9 586
427    110101011: 2 9 588
428    110101100: 3 9 591
429    110101101: 3 9 594
430    110101110: 3 9 597
431    110101111: 3 9 600
432    110110000: 2 9 602
433    110110001: 2 9 604
434    110110010: 2 9 606
435    110110011: 2 9 608
436    110110100: 3 9 611
437    110110101: 3 9 614
438    110110110: 3 9 617
439    110110111: 3 9 620
440    110111000: 2 9 622
441    110111001: 2 9 624
442    110111010: 2 9 626
443    110111011: 2 9 628
444    110111100: 3 9 631
445    110111101: 3 9 634
446    110111110: 3 9 637
447    110111111: 3 9 640
448    111000000: 1 9 641
449    111000001: 1 9 642
450    111000010: 1 9 643
451    111000011: 1 9 644
452    111000100: 2 9 646
453    111000101: 2 9 648
454    111000110: 2 9 650
455    111000111: 2 9 652
456    111001000: 1 9 653
457    111001001: 1 9 654
458    111001010: 1 9 655
459    111001011: 1 9 656
460    111001100: 2 9 658
461    111001101: 2 9 660
462    111001110: 2 9 662
463    111001111: 2 9 664
464    111010000: 1 9 665
465    111010001: 1 9 666
466    111010010: 1 9 667
467    111010011: 1 9 668
468    111010100: 2 9 670
469    111010101: 2 9 672
470    111010110: 2 9 674
471    111010111: 2 9 676
472    111011000: 1 9 677
473    111011001: 1 9 678
474    111011010: 1 9 679
475    111011011: 1 9 680
476    111011100: 2 9 682
477    111011101: 2 9 684
478    111011110: 2 9 686
479    111011111: 2 9 688
480    111100000: 2 9 690
481    111100001: 2 9 692
482    111100010: 2 9 694
483    111100011: 2 9 696
484    111100100: 3 9 699
485    111100101: 3 9 702
486    111100110: 3 9 705
487    111100111: 3 9 708
488    111101000: 2 9 710
489    111101001: 2 9 712
490    111101010: 2 9 714
491    111101011: 2 9 716
492    111101100: 3 9 719
493    111101101: 3 9 722
494    111101110: 3 9 725
495    111101111: 3 9 728
496    111110000: 2 9 730
497    111110001: 2 9 732
498    111110010: 2 9 734
499    111110011: 2 9 736
500    111110100: 3 9 739
501    111110101: 3 9 742
502    111110110: 3 9 745
503    111110111: 3 9 748
504    111111000: 2 9 750
505    111111001: 2 9 752
506    111111010: 2 9 754
507    111111011: 2 9 756
508    111111100: 3 9 759
509    111111101: 3 9 762
510    111111110: 3 9 765
511    111111111: 3 9 768
512   1000000000: 0 10 768
513   1000000001: 0 10 768
514   1000000010: 0 10 768
515   1000000011: 0 10 768
516   1000000100: 1 10 769
517   1000000101: 1 10 770
518   1000000110: 1 10 771
519   1000000111: 1 10 772
520   1000001000: 0 10 772
521   1000001001: 0 10 772
522   1000001010: 0 10 772
523   1000001011: 0 10 772
524   1000001100: 1 10 773
525   1000001101: 1 10 774
526   1000001110: 1 10 775
527   1000001111: 1 10 776
528   1000010000: 0 10 776
529   1000010001: 0 10 776
530   1000010010: 0 10 776
531   1000010011: 0 10 776
532   1000010100: 1 10 777
533   1000010101: 1 10 778
534   1000010110: 1 10 779
535   1000010111: 1 10 780
536   1000011000: 0 10 780
537   1000011001: 0 10 780
538   1000011010: 0 10 780
539   1000011011: 0 10 780
540   1000011100: 1 10 781
541   1000011101: 1 10 782
542   1000011110: 1 10 783
543   1000011111: 1 10 784
544   1000100000: 1 10 785
545   1000100001: 1 10 786
546   1000100010: 1 10 787
547   1000100011: 1 10 788
548   1000100100: 2 10 790
549   1000100101: 2 10 792
550   1000100110: 2 10 794
551   1000100111: 2 10 796
552   1000101000: 1 10 797
553   1000101001: 1 10 798
554   1000101010: 1 10 799
555   1000101011: 1 10 800
556   1000101100: 2 10 802
557   1000101101: 2 10 804
558   1000101110: 2 10 806
559   1000101111: 2 10 808
560   1000110000: 1 10 809
561   1000110001: 1 10 810
562   1000110010: 1 10 811
563   1000110011: 1 10 812
564   1000110100: 2 10 814
565   1000110101: 2 10 816
566   1000110110: 2 10 818
567   1000110111: 2 10 820
568   1000111000: 1 10 821
569   1000111001: 1 10 822
570   1000111010: 1 10 823
571   1000111011: 1 10 824
572   1000111100: 2 10 826
573   1000111101: 2 10 828
574   1000111110: 2 10 830
575   1000111111: 2 10 832
576   1001000000: 0 10 832
577   1001000001: 0 10 832
578   1001000010: 0 10 832
579   1001000011: 0 10 832
580   1001000100: 1 10 833
581   1001000101: 1 10 834
582   1001000110: 1 10 835
583   1001000111: 1 10 836
584   1001001000: 0 10 836
585   1001001001: 0 10 836
586   1001001010: 0 10 836
587   1001001011: 0 10 836
588   1001001100: 1 10 837
589   1001001101: 1 10 838
590   1001001110: 1 10 839
591   1001001111: 1 10 840
592   1001010000: 0 10 840
593   1001010001: 0 10 840
594   1001010010: 0 10 840
595   1001010011: 0 10 840
596   1001010100: 1 10 841
597   1001010101: 1 10 842
598   1001010110: 1 10 843
599   1001010111: 1 10 844
600   1001011000: 0 10 844
601   1001011001: 0 10 844
602   1001011010: 0 10 844
603   1001011011: 0 10 844
604   1001011100: 1 10 845
605   1001011101: 1 10 846
606   1001011110: 1 10 847
607   1001011111: 1 10 848
608   1001100000: 1 10 849
609   1001100001: 1 10 850
610   1001100010: 1 10 851
611   1001100011: 1 10 852
612   1001100100: 2 10 854
613   1001100101: 2 10 856
614   1001100110: 2 10 858
615   1001100111: 2 10 860
616   1001101000: 1 10 861
617   1001101001: 1 10 862
618   1001101010: 1 10 863
619   1001101011: 1 10 864
620   1001101100: 2 10 866
621   1001101101: 2 10 868
622   1001101110: 2 10 870
623   1001101111: 2 10 872
624   1001110000: 1 10 873
625   1001110001: 1 10 874
626   1001110010: 1 10 875
627   1001110011: 1 10 876
628   1001110100: 2 10 878
629   1001110101: 2 10 880
630   1001110110: 2 10 882
631   1001110111: 2 10 884
632   1001111000: 1 10 885
633   1001111001: 1 10 886
634   1001111010: 1 10 887
635   1001111011: 1 10 888
636   1001111100: 2 10 890
637   1001111101: 2 10 892
638   1001111110: 2 10 894
639   1001111111: 2 10 896
640   1010000000: 0 10 896
641   1010000001: 0 10 896
642   1010000010: 0 10 896
643   1010000011: 0 10 896
644   1010000100: 1 10 897
645   1010000101: 1 10 898
646   1010000110: 1 10 899
647   1010000111: 1 10 900
648   1010001000: 0 10 900
649   1010001001: 0 10 900
650   1010001010: 0 10 900
651   1010001011: 0 10 900
652   1010001100: 1 10 901
653   1010001101: 1 10 902
654   1010001110: 1 10 903
655   1010001111: 1 10 904
656   1010010000: 0 10 904
657   1010010001: 0 10 904
658   1010010010: 0 10 904
659   1010010011: 0 10 904
660   1010010100: 1 10 905
661   1010010101: 1 10 906
662   1010010110: 1 10 907
663   1010010111: 1 10 908
664   1010011000: 0 10 908
665   1010011001: 0 10 908
666   1010011010: 0 10 908
667   1010011011: 0 10 908
668   1010011100: 1 10 909
669   1010011101: 1 10 910
670   1010011110: 1 10 911
671   1010011111: 1 10 912
672   1010100000: 1 10 913
673   1010100001: 1 10 914
674   1010100010: 1 10 915
675   1010100011: 1 10 916
676   1010100100: 2 10 918
677   1010100101: 2 10 920
678   1010100110: 2 10 922
679   1010100111: 2 10 924
680   1010101000: 1 10 925
681   1010101001: 1 10 926
682   1010101010: 1 10 927
683   1010101011: 1 10 928
684   1010101100: 2 10 930
685   1010101101: 2 10 932
686   1010101110: 2 10 934
687   1010101111: 2 10 936
688   1010110000: 1 10 937
689   1010110001: 1 10 938
690   1010110010: 1 10 939
691   1010110011: 1 10 940
692   1010110100: 2 10 942
693   1010110101: 2 10 944
694   1010110110: 2 10 946
695   1010110111: 2 10 948
696   1010111000: 1 10 949
697   1010111001: 1 10 950
698   1010111010: 1 10 951
699   1010111011: 1 10 952
700   1010111100: 2 10 954
701   1010111101: 2 10 956
702   1010111110: 2 10 958
703   1010111111: 2 10 960
704   1011000000: 0 10 960
705   1011000001: 0 10 960
706   1011000010: 0 10 960
707   1011000011: 0 10 960
708   1011000100: 1 10 961
709   1011000101: 1 10 962
710   1011000110: 1 10 963
711   1011000111: 1 10 964
712   1011001000: 0 10 964
713   1011001001: 0 10 964
714   1011001010: 0 10 964
715   1011001011: 0 10 964
716   1011001100: 1 10 965
717   1011001101: 1 10 966
718   1011001110: 1 10 967
719   1011001111: 1 10 968
720   1011010000: 0 10 968
721   1011010001: 0 10 968
722   1011010010: 0 10 968
723   1011010011: 0 10 968
724   1011010100: 1 10 969
725   1011010101: 1 10 970
726   1011010110: 1 10 971
727   1011010111: 1 10 972
728   1011011000: 0 10 972
729   1011011001: 0 10 972
730   1011011010: 0 10 972
731   1011011011: 0 10 972
732   1011011100: 1 10 973
733   1011011101: 1 10 974
734   1011011110: 1 10 975
735   1011011111: 1 10 976
736   1011100000: 1 10 977
737   1011100001: 1 10 978
738   1011100010: 1 10 979
739   1011100011: 1 10 980
740   1011100100: 2 10 982
741   1011100101: 2 10 984
742   1011100110: 2 10 986
743   1011100111: 2 10 988
744   1011101000: 1 10 989
745   1011101001: 1 10 990
746   1011101010: 1 10 991
747   1011101011: 1 10 992
748   1011101100: 2 10 994
749   1011101101: 2 10 996
750   1011101110: 2 10 998
751   1011101111: 2 10 1000
752   1011110000: 1 10 1001
753   1011110001: 1 10 1002
754   1011110010: 1 10 1003
755   1011110011: 1 10 1004
756   1011110100: 2 10 1006
757   1011110101: 2 10 1008
758   1011110110: 2 10 1010
759   1011110111: 2 10 1012
760   1011111000: 1 10 1013
761   1011111001: 1 10 1014
762   1011111010: 1 10 1015
763   1011111011: 1 10 1016
764   1011111100: 2 10 1018
765   1011111101: 2 10 1020
766   1011111110: 2 10 1022
767   1011111111: 2 10 1024
768   1100000000: 1 10 1025
769   1100000001: 1 10 1026
770   1100000010: 1 10 1027
771   1100000011: 1 10 1028
772   1100000100: 2 10 1030
773   1100000101: 2 10 1032
774   1100000110: 2 10 1034
775   1100000111: 2 10 1036
776   1100001000: 1 10 1037
777   1100001001: 1 10 1038
778   1100001010: 1 10 1039
779   1100001011: 1 10 1040
780   1100001100: 2 10 1042
781   1100001101: 2 10 1044
782   1100001110: 2 10 1046
783   1100001111: 2 10 1048
784   1100010000: 1 10 1049
785   1100010001: 1 10 1050
786   1100010010: 1 10 1051
787   1100010011: 1 10 1052
788   1100010100: 2 10 1054
789   1100010101: 2 10 1056
790   1100010110: 2 10 1058
791   1100010111: 2 10 1060
792   1100011000: 1 10 1061
793   1100011001: 1 10 1062
794   1100011010: 1 10 1063
795   1100011011: 1 10 1064
796   1100011100: 2 10 1066
797   1100011101: 2 10 1068
798   1100011110: 2 10 1070
799   1100011111: 2 10 1072
800   1100100000: 2 10 1074
801   1100100001: 2 10 1076
802   1100100010: 2 10 1078
803   1100100011: 2 10 1080
804   1100100100: 3 10 1083
805   1100100101: 3 10 1086
806   1100100110: 3 10 1089
807   1100100111: 3 10 1092
808   1100101000: 2 10 1094
809   1100101001: 2 10 1096
810   1100101010: 2 10 1098
811   1100101011: 2 10 1100
812   1100101100: 3 10 1103
813   1100101101: 3 10 1106
814   1100101110: 3 10 1109
815   1100101111: 3 10 1112
816   1100110000: 2 10 1114
817   1100110001: 2 10 1116
818   1100110010: 2 10 1118
819   1100110011: 2 10 1120
820   1100110100: 3 10 1123
821   1100110101: 3 10 1126
822   1100110110: 3 10 1129
823   1100110111: 3 10 1132
824   1100111000: 2 10 1134
825   1100111001: 2 10 1136
826   1100111010: 2 10 1138
827   1100111011: 2 10 1140
828   1100111100: 3 10 1143
829   1100111101: 3 10 1146
830   1100111110: 3 10 1149
831   1100111111: 3 10 1152
832   1101000000: 1 10 1153
833   1101000001: 1 10 1154
834   1101000010: 1 10 1155
835   1101000011: 1 10 1156
836   1101000100: 2 10 1158
837   1101000101: 2 10 1160
838   1101000110: 2 10 1162
839   1101000111: 2 10 1164
840   1101001000: 1 10 1165
841   1101001001: 1 10 1166
842   1101001010: 1 10 1167
843   1101001011: 1 10 1168
844   1101001100: 2 10 1170
845   1101001101: 2 10 1172
846   1101001110: 2 10 1174
847   1101001111: 2 10 1176
848   1101010000: 1 10 1177
849   1101010001: 1 10 1178
850   1101010010: 1 10 1179
851   1101010011: 1 10 1180
852   1101010100: 2 10 1182
853   1101010101: 2 10 1184
854   1101010110: 2 10 1186
855   1101010111: 2 10 1188
856   1101011000: 1 10 1189
857   1101011001: 1 10 1190
858   1101011010: 1 10 1191
859   1101011011: 1 10 1192
860   1101011100: 2 10 1194
861   1101011101: 2 10 1196
862   1101011110: 2 10 1198
863   1101011111: 2 10 1200
864   1101100000: 2 10 1202
865   1101100001: 2 10 1204
866   1101100010: 2 10 1206
867   1101100011: 2 10 1208
868   1101100100: 3 10 1211
869   1101100101: 3 10 1214
870   1101100110: 3 10 1217
871   1101100111: 3 10 1220
872   1101101000: 2 10 1222
873   1101101001: 2 10 1224
874   1101101010: 2 10 1226
875   1101101011: 2 10 1228
876   1101101100: 3 10 1231
877   1101101101: 3 10 1234
878   1101101110: 3 10 1237
879   1101101111: 3 10 1240
880   1101110000: 2 10 1242
881   1101110001: 2 10 1244
882   1101110010: 2 10 1246
883   1101110011: 2 10 1248
884   1101110100: 3 10 1251
885   1101110101: 3 10 1254
886   1101110110: 3 10 1257
887   1101110111: 3 10 1260
888   1101111000: 2 10 1262
889   1101111001: 2 10 1264
890   1101111010: 2 10 1266
891   1101111011: 2 10 1268
892   1101111100: 3 10 1271
893   1101111101: 3 10 1274
894   1101111110: 3 10 1277
895   1101111111: 3 10 1280
896   1110000000: 1 10 1281
897   1110000001: 1 10 1282
898   1110000010: 1 10 1283
899   1110000011: 1 10 1284
900   1110000100: 2 10 1286
901   1110000101: 2 10 1288
902   1110000110: 2 10 1290
903   1110000111: 2 10 1292
904   1110001000: 1 10 1293
905   1110001001: 1 10 1294
906   1110001010: 1 10 1295
907   1110001011: 1 10 1296
908   1110001100: 2 10 1298
909   1110001101: 2 10 1300
910   1110001110: 2 10 1302
911   1110001111: 2 10 1304
912   1110010000: 1 10 1305
913   1110010001: 1 10 1306
914   1110010010: 1 10 1307
915   1110010011: 1 10 1308
916   1110010100: 2 10 1310
917   1110010101: 2 10 1312
918   1110010110: 2 10 1314
919   1110010111: 2 10 1316
920   1110011000: 1 10 1317
921   1110011001: 1 10 1318
922   1110011010: 1 10 1319
923   1110011011: 1 10 1320
924   1110011100: 2 10 1322
925   1110011101: 2 10 1324
926   1110011110: 2 10 1326
927   1110011111: 2 10 1328
928   1110100000: 2 10 1330
929   1110100001: 2 10 1332
930   1110100010: 2 10 1334
931   1110100011: 2 10 1336
932   1110100100: 3 10 1339
933   1110100101: 3 10 1342
934   1110100110: 3 10 1345
935   1110100111: 3 10 1348
936   1110101000: 2 10 1350
937   1110101001: 2 10 1352
938   1110101010: 2 10 1354
939   1110101011: 2 10 1356
940   1110101100: 3 10 1359
941   1110101101: 3 10 1362
942   1110101110: 3 10 1365
943   1110101111: 3 10 1368
944   1110110000: 2 10 1370
945   1110110001: 2 10 1372
946   1110110010: 2 10 1374
947   1110110011: 2 10 1376
948   1110110100: 3 10 1379
949   1110110101: 3 10 1382
950   1110110110: 3 10 1385
951   1110110111: 3 10 1388
952   1110111000: 2 10 1390
953   1110111001: 2 10 1392
954   1110111010: 2 10 1394
955   1110111011: 2 10 1396
956   1110111100: 3 10 1399
957   1110111101: 3 10 1402
958   1110111110: 3 10 1405
959   1110111111: 3 10 1408
960   1111000000: 1 10 1409
961   1111000001: 1 10 1410
962   1111000010: 1 10 1411
963   1111000011: 1 10 1412
964   1111000100: 2 10 1414
965   1111000101: 2 10 1416
966   1111000110: 2 10 1418
967   1111000111: 2 10 1420
968   1111001000: 1 10 1421
969   1111001001: 1 10 1422
970   1111001010: 1 10 1423
971   1111001011: 1 10 1424
972   1111001100: 2 10 1426
973   1111001101: 2 10 1428
974   1111001110: 2 10 1430
975   1111001111: 2 10 1432
976   1111010000: 1 10 1433
977   1111010001: 1 10 1434
978   1111010010: 1 10 1435
979   1111010011: 1 10 1436
980   1111010100: 2 10 1438
981   1111010101: 2 10 1440
982   1111010110: 2 10 1442
983   1111010111: 2 10 1444
984   1111011000: 1 10 1445
985   1111011001: 1 10 1446
986   1111011010: 1 10 1447
987   1111011011: 1 10 1448
988   1111011100: 2 10 1450
989   1111011101: 2 10 1452
990   1111011110: 2 10 1454
991   1111011111: 2 10 1456
992   1111100000: 2 10 1458
993   1111100001: 2 10 1460
994   1111100010: 2 10 1462
995   1111100011: 2 10 1464
996   1111100100: 3 10 1467
997   1111100101: 3 10 1470
998   1111100110: 3 10 1473
999   1111100111: 3 10 1476
1000  1111101000: 2 10 1478
1001  1111101001: 2 10 1480
1002  1111101010: 2 10 1482
1003  1111101011: 2 10 1484
1004  1111101100: 3 10 1487
1005  1111101101: 3 10 1490
1006  1111101110: 3 10 1493
1007  1111101111: 3 10 1496
1008  1111110000: 2 10 1498
1009  1111110001: 2 10 1500
1010  1111110010: 2 10 1502
1011  1111110011: 2 10 1504
1012  1111110100: 3 10 1507
1013  1111110101: 3 10 1510
1014  1111110110: 3 10 1513
1015  1111110111: 3 10 1516
1016  1111111000: 2 10 1518
1017  1111111001: 2 10 1520
1018  1111111010: 2 10 1522
1019  1111111011: 2 10 1524
1020  1111111100: 3 10 1527
1021  1111111101: 3 10 1530
1022  1111111110: 3 10 1533
1023  1111111111: 3 10 1536