1              1: 1  0  1  1    0
2             10: 1  1  2  2    1
3             11: 2  1  2  4    2
4            100: 1  2  3  5    4
5            101: 2  2  3  7    6
6            110: 2  3  3  9    9
7            111: 3  3  3  12   12
8           1000: 1  3  4  13   15
9           1001: 2  3  4  15   18
10          1010: 2  4  4  17   22
11          1011: 3  4  4  20   26
12          1100: 2  5  4  22   31
13          1101: 3  5  4  25   36
14          1110: 3  6  4  28   42
15          1111: 4  6  4  32   48
16         10000: 1  4  5  33   52
17         10001: 2  4  5  35   56
18         10010: 2  5  5  37   61
19         10011: 3  5  5  40   66
20         10100: 2  6  5  42   72
21         10101: 3  6  5  45   78
22         10110: 3  7  5  48   85
23         10111: 4  7  5  52   92
24         11000: 2  7  5  54   99
25         11001: 3  7  5  57   106
26         11010: 3  8  5  60   114
27         11011: 4  8  5  64   122
28         11100: 3  9  5  67   131
29         11101: 4  9  5  71   140
30         11110: 4  10 5  75   150
31         11111: 5  10 5  80   160
32        100000: 1  5  6  81   165
33        100001: 2  5  6  83   170
34        100010: 2  6  6  85   176
35        100011: 3  6  6  88   182
36        100100: 2  7  6  90   189
37        100101: 3  7  6  93   196
38        100110: 3  8  6  96   204
39        100111: 4  8  6  100  212
40        101000: 2  8  6  102  220
41        101001: 3  8  6  105  228
42        101010: 3  9  6  108  237
43        101011: 4  9  6  112  246
44        101100: 3  10 6  115  256
45        101101: 4  10 6  119  266
46        101110: 4  11 6  123  277
47        101111: 5  11 6  128  288
48        110000: 2  9  6  130  297
49        110001: 3  9  6  133  306
50        110010: 3  10 6  136  316
51        110011: 4  10 6  140  326
52        110100: 3  11 6  143  337
53        110101: 4  11 6  147  348
54        110110: 4  12 6  151  360
55        110111: 5  12 6  156  372
56        111000: 3  12 6  159  384
57        111001: 4  12 6  163  396
58        111010: 4  13 6  167  409
59        111011: 5  13 6  172  422
60        111100: 4  14 6  176  436
61        111101: 5  14 6  181  450
62        111110: 5  15 6  186  465
63        111111: 6  15 6  192  480
64       1000000: 1  6  7  193  486
65       1000001: 2  6  7  195  492
66       1000010: 2  7  7  197  499
67       1000011: 3  7  7  200  506
68       1000100: 2  8  7  202  514
69       1000101: 3  8  7  205  522
70       1000110: 3  9  7  208  531
71       1000111: 4  9  7  212  540
72       1001000: 2  9  7  214  549
73       1001001: 3  9  7  217  558
74       1001010: 3  10 7  220  568
75       1001011: 4  10 7  224  578
76       1001100: 3  11 7  227  589
77       1001101: 4  11 7  231  600
78       1001110: 4  12 7  235  612
79       1001111: 5  12 7  240  624
80       1010000: 2  10 7  242  634
81       1010001: 3  10 7  245  644
82       1010010: 3  11 7  248  655
83       1010011: 4  11 7  252  666
84       1010100: 3  12 7  255  678
85       1010101: 4  12 7  259  690
86       1010110: 4  13 7  263  703
87       1010111: 5  13 7  268  716
88       1011000: 3  13 7  271  729
89       1011001: 4  13 7  275  742
90       1011010: 4  14 7  279  756
91       1011011: 5  14 7  284  770
92       1011100: 4  15 7  288  785
93       1011101: 5  15 7  293  800
94       1011110: 5  16 7  298  816
95       1011111: 6  16 7  304  832
96       1100000: 2  11 7  306  843
97       1100001: 3  11 7  309  854
98       1100010: 3  12 7  312  866
99       1100011: 4  12 7  316  878
100      1100100: 3  13 7  319  891
101      1100101: 4  13 7  323  904
102      1100110: 4  14 7  327  918
103      1100111: 5  14 7  332  932
104      1101000: 3  14 7  335  946
105      1101001: 4  14 7  339  960
106      1101010: 4  15 7  343  975
107      1101011: 5  15 7  348  990
108      1101100: 4  16 7  352  1006
109      1101101: 5  16 7  357  1022
110      1101110: 5  17 7  362  1039
111      1101111: 6  17 7  368  1056
112      1110000: 3  15 7  371  1071
113      1110001: 4  15 7  375  1086
114      1110010: 4  16 7  379  1102
115      1110011: 5  16 7  384  1118
116      1110100: 4  17 7  388  1135
117      1110101: 5  17 7  393  1152
118      1110110: 5  18 7  398  1170
119      1110111: 6  18 7  404  1188
120      1111000: 4  18 7  408  1206
121      1111001: 5  18 7  413  1224
122      1111010: 5  19 7  418  1243
123      1111011: 6  19 7  424  1262
124      1111100: 5  20 7  429  1282
125      1111101: 6  20 7  435  1302
126      1111110: 6  21 7  441  1323
127      1111111: 7  21 7  448  1344
128     10000000: 1  7  8  449  1351
129     10000001: 2  7  8  451  1358
130     10000010: 2  8  8  453  1366
131     10000011: 3  8  8  456  1374
132     10000100: 2  9  8  458  1383
133     10000101: 3  9  8  461  1392
134     10000110: 3  10 8  464  1402
135     10000111: 4  10 8  468  1412
136     10001000: 2  10 8  470  1422
137     10001001: 3  10 8  473  1432
138     10001010: 3  11 8  476  1443
139     10001011: 4  11 8  480  1454
140     10001100: 3  12 8  483  1466
141     10001101: 4  12 8  487  1478
142     10001110: 4  13 8  491  1491
143     10001111: 5  13 8  496  1504
144     10010000: 2  11 8  498  1515
145     10010001: 3  11 8  501  1526
146     10010010: 3  12 8  504  1538
147     10010011: 4  12 8  508  1550
148     10010100: 3  13 8  511  1563
149     10010101: 4  13 8  515  1576
150     10010110: 4  14 8  519  1590
151     10010111: 5  14 8  524  1604
152     10011000: 3  14 8  527  1618
153     10011001: 4  14 8  531  1632
154     10011010: 4  15 8  535  1647
155     10011011: 5  15 8  540  1662
156     10011100: 4  16 8  544  1678
157     10011101: 5  16 8  549  1694
158     10011110: 5  17 8  554  1711
159     10011111: 6  17 8  560  1728
160     10100000: 2  12 8  562  1740
161     10100001: 3  12 8  565  1752
162     10100010: 3  13 8  568  1765
163     10100011: 4  13 8  572  1778
164     10100100: 3  14 8  575  1792
165     10100101: 4  14 8  579  1806
166     10100110: 4  15 8  583  1821
167     10100111: 5  15 8  588  1836
168     10101000: 3  15 8  591  1851
169     10101001: 4  15 8  595  1866
170     10101010: 4  16 8  599  1882
171     10101011: 5  16 8  604  1898
172     10101100: 4  17 8  608  1915
173     10101101: 5  17 8  613  1932
174     10101110: 5  18 8  618  1950
175     10101111: 6  18 8  624  1968
176     10110000: 3  16 8  627  1984
177     10110001: 4  16 8  631  2000
178     10110010: 4  17 8  635  2017
179     10110011: 5  17 8  640  2034
180     10110100: 4  18 8  644  2052
181     10110101: 5  18 8  649  2070
182     10110110: 5  19 8  654  2089
183     10110111: 6  19 8  660  2108
184     10111000: 4  19 8  664  2127
185     10111001: 5  19 8  669  2146
186     10111010: 5  20 8  674  2166
187     10111011: 6  20 8  680  2186
188     10111100: 5  21 8  685  2207
189     10111101: 6  21 8  691  2228
190     10111110: 6  22 8  697  2250
191     10111111: 7  22 8  704  2272
192     11000000: 2  13 8  706  2285
193     11000001: 3  13 8  709  2298
194     11000010: 3  14 8  712  2312
195     11000011: 4  14 8  716  2326
196     11000100: 3  15 8  719  2341
197     11000101: 4  15 8  723  2356
198     11000110: 4  16 8  727  2372
199     11000111: 5  16 8  732  2388
200     11001000: 3  16 8  735  2404
201     11001001: 4  16 8  739  2420
202     11001010: 4  17 8  743  2437
203     11001011: 5  17 8  748  2454
204     11001100: 4  18 8  752  2472
205     11001101: 5  18 8  757  2490
206     11001110: 5  19 8  762  2509
207     11001111: 6  19 8  768  2528
208     11010000: 3  17 8  771  2545
209     11010001: 4  17 8  775  2562
210     11010010: 4  18 8  779  2580
211     11010011: 5  18 8  784  2598
212     11010100: 4  19 8  788  2617
213     11010101: 5  19 8  793  2636
214     11010110: 5  20 8  798  2656
215     11010111: 6  20 8  804  2676
216     11011000: 4  20 8  808  2696
217     11011001: 5  20 8  813  2716
218     11011010: 5  21 8  818  2737
219     11011011: 6  21 8  824  2758
220     11011100: 5  22 8  829  2780
221     11011101: 6  22 8  835  2802
222     11011110: 6  23 8  841  2825
223     11011111: 7  23 8  848  2848
224     11100000: 3  18 8  851  2866
225     11100001: 4  18 8  855  2884
226     11100010: 4  19 8  859  2903
227     11100011: 5  19 8  864  2922
228     11100100: 4  20 8  868  2942
229     11100101: 5  20 8  873  2962
230     11100110: 5  21 8  878  2983
231     11100111: 6  21 8  884  3004
232     11101000: 4  21 8  888  3025
233     11101001: 5  21 8  893  3046
234     11101010: 5  22 8  898  3068
235     11101011: 6  22 8  904  3090
236     11101100: 5  23 8  909  3113
237     11101101: 6  23 8  915  3136
238     11101110: 6  24 8  921  3160
239     11101111: 7  24 8  928  3184
240     11110000: 4  22 8  932  3206
241     11110001: 5  22 8  937  3228
242     11110010: 5  23 8  942  3251
243     11110011: 6  23 8  948  3274
244     11110100: 5  24 8  953  3298
245     11110101: 6  24 8  959  3322
246     11110110: 6  25 8  965  3347
247     11110111: 7  25 8  972  3372
248     11111000: 5  25 8  977  3397
249     11111001: 6  25 8  983  3422
250     11111010: 6  26 8  989  3448
251     11111011: 7  26 8  996  3474
252     11111100: 6  27 8  1002 3501
253     11111101: 7  27 8  1009 3528
254     11111110: 7  28 8  1016 3556
255     11111111: 8  28 8  1024 3584
256    100000000: 1  8  9  1025 3592
257    100000001: 2  8  9  1027 3600
258    100000010: 2  9  9  1029 3609
259    100000011: 3  9  9  1032 3618
260    100000100: 2  10 9  1034 3628
261    100000101: 3  10 9  1037 3638
262    100000110: 3  11 9  1040 3649
263    100000111: 4  11 9  1044 3660
264    100001000: 2  11 9  1046 3671
265    100001001: 3  11 9  1049 3682
266    100001010: 3  12 9  1052 3694
267    100001011: 4  12 9  1056 3706
268    100001100: 3  13 9  1059 3719
269    100001101: 4  13 9  1063 3732
270    100001110: 4  14 9  1067 3746
271    100001111: 5  14 9  1072 3760
272    100010000: 2  12 9  1074 3772
273    100010001: 3  12 9  1077 3784
274    100010010: 3  13 9  1080 3797
275    100010011: 4  13 9  1084 3810
276    100010100: 3  14 9  1087 3824
277    100010101: 4  14 9  1091 3838
278    100010110: 4  15 9  1095 3853
279    100010111: 5  15 9  1100 3868
280    100011000: 3  15 9  1103 3883
281    100011001: 4  15 9  1107 3898
282    100011010: 4  16 9  1111 3914
283    100011011: 5  16 9  1116 3930
284    100011100: 4  17 9  1120 3947
285    100011101: 5  17 9  1125 3964
286    100011110: 5  18 9  1130 3982
287    100011111: 6  18 9  1136 4000
288    100100000: 2  13 9  1138 4013
289    100100001: 3  13 9  1141 4026
290    100100010: 3  14 9  1144 4040
291    100100011: 4  14 9  1148 4054
292    100100100: 3  15 9  1151 4069
293    100100101: 4  15 9  1155 4084
294    100100110: 4  16 9  1159 4100
295    100100111: 5  16 9  1164 4116
296    100101000: 3  16 9  1167 4132
297    100101001: 4  16 9  1171 4148
298    100101010: 4  17 9  1175 4165
299    100101011: 5  17 9  1180 4182
300    100101100: 4  18 9  1184 4200
301    100101101: 5  18 9  1189 4218
302    100101110: 5  19 9  1194 4237
303    100101111: 6  19 9  1200 4256
304    100110000: 3  17 9  1203 4273
305    100110001: 4  17 9  1207 4290
306    100110010: 4  18 9  1211 4308
307    100110011: 5  18 9  1216 4326
308    100110100: 4  19 9  1220 4345
309    100110101: 5  19 9  1225 4364
310    100110110: 5  20 9  1230 4384
311    100110111: 6  20 9  1236 4404
312    100111000: 4  20 9  1240 4424
313    100111001: 5  20 9  1245 4444
314    100111010: 5  21 9  1250 4465
315    100111011: 6  21 9  1256 4486
316    100111100: 5  22 9  1261 4508
317    100111101: 6  22 9  1267 4530
318    100111110: 6  23 9  1273 4553
319    100111111: 7  23 9  1280 4576
320    101000000: 2  14 9  1282 4590
321    101000001: 3  14 9  1285 4604
322    101000010: 3  15 9  1288 4619
323    101000011: 4  15 9  1292 4634
324    101000100: 3  16 9  1295 4650
325    101000101: 4  16 9  1299 4666
326    101000110: 4  17 9  1303 4683
327    101000111: 5  17 9  1308 4700
328    101001000: 3  17 9  1311 4717
329    101001001: 4  17 9  1315 4734
330    101001010: 4  18 9  1319 4752
331    101001011: 5  18 9  1324 4770
332    101001100: 4  19 9  1328 4789
333    101001101: 5  19 9  1333 4808
334    101001110: 5  20 9  1338 4828
335    101001111: 6  20 9  1344 4848
336    101010000: 3  18 9  1347 4866
337    101010001: 4  18 9  1351 4884
338    101010010: 4  19 9  1355 4903
339    101010011: 5  19 9  1360 4922
340    101010100: 4  20 9  1364 4942
341    101010101: 5  20 9  1369 4962
342    101010110: 5  21 9  1374 4983
343    101010111: 6  21 9  1380 5004
344    101011000: 4  21 9  1384 5025
345    101011001: 5  21 9  1389 5046
346    101011010: 5  22 9  1394 5068
347    101011011: 6  22 9  1400 5090
348    101011100: 5  23 9  1405 5113
349    101011101: 6  23 9  1411 5136
350    101011110: 6  24 9  1417 5160
351    101011111: 7  24 9  1424 5184
352    101100000: 3  19 9  1427 5203
353    101100001: 4  19 9  1431 5222
354    101100010: 4  20 9  1435 5242
355    101100011: 5  20 9  1440 5262
356    101100100: 4  21 9  1444 5283
357    101100101: 5  21 9  1449 5304
358    101100110: 5  22 9  1454 5326
359    101100111: 6  22 9  1460 5348
360    101101000: 4  22 9  1464 5370
361    101101001: 5  22 9  1469 5392
362    101101010: 5  23 9  1474 5415
363    101101011: 6  23 9  1480 5438
364    101101100: 5  24 9  1485 5462
365    101101101: 6  24 9  1491 5486
366    101101110: 6  25 9  1497 5511
367    101101111: 7  25 9  1504 5536
368    101110000: 4  23 9  1508 5559
369    101110001: 5  23 9  1513 5582
370    101110010: 5  24 9  1518 5606
371    101110011: 6  24 9  1524 5630
372    101110100: 5  25 9  1529 5655
373    101110101: 6  25 9  1535 5680
374    101110110: 6  26 9  1541 5706
375    101110111: 7  26 9  1548 5732
376    101111000: 5  26 9  1553 5758
377    101111001: 6  26 9  1559 5784
378    101111010: 6  27 9  1565 5811
379    101111011: 7  27 9  1572 5838
380    101111100: 6  28 9  1578 5866
381    101111101: 7  28 9  1585 5894
382    101111110: 7  29 9  1592 5923
383    101111111: 8  29 9  1600 5952
384    110000000: 2  15 9  1602 5967
385    110000001: 3  15 9  1605 5982
386    110000010: 3  16 9  1608 5998
387    110000011: 4  16 9  1612 6014
388    110000100: 3  17 9  1615 6031
389    110000101: 4  17 9  1619 6048
390    110000110: 4  18 9  1623 6066
391    110000111: 5  18 9  1628 6084
392    110001000: 3  18 9  1631 6102
393    110001001: 4  18 9  1635 6120
394    110001010: 4  19 9  1639 6139
395    110001011: 5  19 9  1644 6158
396    110001100: 4  20 9  1648 6178
397    110001101: 5  20 9  1653 6198
398    110001110: 5  21 9  1658 6219
399    110001111: 6  21 9  1664 6240
400    110010000: 3  19 9  1667 6259
401    110010001: 4  19 9  1671 6278
402    110010010: 4  20 9  1675 6298
403    110010011: 5  20 9  1680 6318
404    110010100: 4  21 9  1684 6339
405    110010101: 5  21 9  1689 6360
406    110010110: 5  22 9  1694 6382
407    110010111: 6  22 9  1700 6404
408    110011000: 4  22 9  1704 6426
409    110011001: 5  22 9  1709 6448
410    110011010: 5  23 9  1714 6471
411    110011011: 6  23 9  1720 6494
412    110011100: 5  24 9  1725 6518
413    110011101: 6  24 9  1731 6542
414    110011110: 6  25 9  1737 6567
415    110011111: 7  25 9  1744 6592
416    110100000: 3  20 9  1747 6612
417    110100001: 4  20 9  1751 6632
418    110100010: 4  21 9  1755 6653
419    110100011: 5  21 9  1760 6674
420    110100100: 4  22 9  1764 6696
421    110100101: 5  22 9  1769 6718
422    110100110: 5  23 9  1774 6741
423    110100111: 6  23 9  1780 6764
424    110101000: 4  23 9  1784 6787
425    110101001: 5  23 9  1789 6810
426    110101010: 5  24 9  1794 6834
427    110101011: 6  24 9  1800 6858
428    110101100: 5  25 9  1805 6883
429    110101101: 6  25 9  1811 6908
430    110101110: 6  26 9  1817 6934
431    110101111: 7  26 9  1824 6960
432    110110000: 4  24 9  1828 6984
433    110110001: 5  24 9  1833 7008
434    110110010: 5  25 9  1838 7033
435    110110011: 6  25 9  1844 7058
436    110110100: 5  26 9  1849 7084
437    110110101: 6  26 9  1855 7110
438    110110110: 6  27 9  1861 7137
439    110110111: 7  27 9  1868 7164
440    110111000: 5  27 9  1873 7191
441    110111001: 6  27 9  1879 7218
442    110111010: 6  28 9  1885 7246
443    110111011: 7  28 9  1892 7274
444    110111100: 6  29 9  1898 7303
445    110111101: 7  29 9  1905 7332
446    110111110: 7  30 9  1912 7362
447    110111111: 8  30 9  1920 7392
448    111000000: 3  21 9  1923 7413
449    111000001: 4  21 9  1927 7434
450    111000010: 4  22 9  1931 7456
451    111000011: 5  22 9  1936 7478
452    111000100: 4  23 9  1940 7501
453    111000101: 5  23 9  1945 7524
454    111000110: 5  24 9  1950 7548
455    111000111: 6  24 9  1956 7572
456    111001000: 4  24 9  1960 7596
457    111001001: 5  24 9  1965 7620
458    111001010: 5  25 9  1970 7645
459    111001011: 6  25 9  1976 7670
460    111001100: 5  26 9  1981 7696
461    111001101: 6  26 9  1987 7722
462    111001110: 6  27 9  1993 7749
463    111001111: 7  27 9  2000 7776
464    111010000: 4  25 9  2004 7801
465    111010001: 5  25 9  2009 7826
466    111010010: 5  26 9  2014 7852
467    111010011: 6  26 9  2020 7878
468    111010100: 5  27 9  2025 7905
469    111010101: 6  27 9  2031 7932
470    111010110: 6  28 9  2037 7960
471    111010111: 7  28 9  2044 7988
472    111011000: 5  28 9  2049 8016
473    111011001: 6  28 9  2055 8044
474    111011010: 6  29 9  2061 8073
475    111011011: 7  29 9  2068 8102
476    111011100: 6  30 9  2074 8132
477    111011101: 7  30 9  2081 8162
478    111011110: 7  31 9  2088 8193
479    111011111: 8  31 9  2096 8224
480    111100000: 4  26 9  2100 8250
481    111100001: 5  26 9  2105 8276
482    111100010: 5  27 9  2110 8303
483    111100011: 6  27 9  2116 8330
484    111100100: 5  28 9  2121 8358
485    111100101: 6  28 9  2127 8386
486    111100110: 6  29 9  2133 8415
487    111100111: 7  29 9  2140 8444
488    111101000: 5  29 9  2145 8473
489    111101001: 6  29 9  2151 8502
490    111101010: 6  30 9  2157 8532
491    111101011: 7  30 9  2164 8562
492    111101100: 6  31 9  2170 8593
493    111101101: 7  31 9  2177 8624
494    111101110: 7  32 9  2184 8656
495    111101111: 8  32 9  2192 8688
496    111110000: 5  30 9  2197 8718
497    111110001: 6  30 9  2203 8748
498    111110010: 6  31 9  2209 8779
499    111110011: 7  31 9  2216 8810
500    111110100: 6  32 9  2222 8842
501    111110101: 7  32 9  2229 8874
502    111110110: 7  33 9  2236 8907
503    111110111: 8  33 9  2244 8940
504    111111000: 6  33 9  2250 8973
505    111111001: 7  33 9  2257 9006
506    111111010: 7  34 9  2264 9040
507    111111011: 8  34 9  2272 9074
508    111111100: 7  35 9  2279 9109
509    111111101: 8  35 9  2287 9144
510    111111110: 8  36 9  2295 9180
511    111111111: 9  36 9  2304 9216
512   1000000000: 1  9  10 2305 9225
513   1000000001: 2  9  10 2307 9234
514   1000000010: 2  10 10 2309 9244
515   1000000011: 3  10 10 2312 9254
516   1000000100: 2  11 10 2314 9265
517   1000000101: 3  11 10 2317 9276
518   1000000110: 3  12 10 2320 9288
519   1000000111: 4  12 10 2324 9300
520   1000001000: 2  12 10 2326 9312
521   1000001001: 3  12 10 2329 9324
522   1000001010: 3  13 10 2332 9337
523   1000001011: 4  13 10 2336 9350
524   1000001100: 3  14 10 2339 9364
525   1000001101: 4  14 10 2343 9378
526   1000001110: 4  15 10 2347 9393
527   1000001111: 5  15 10 2352 9408
528   1000010000: 2  13 10 2354 9421
529   1000010001: 3  13 10 2357 9434
530   1000010010: 3  14 10 2360 9448
531   1000010011: 4  14 10 2364 9462
532   1000010100: 3  15 10 2367 9477
533   1000010101: 4  15 10 2371 9492
534   1000010110: 4  16 10 2375 9508
535   1000010111: 5  16 10 2380 9524
536   1000011000: 3  16 10 2383 9540
537   1000011001: 4  16 10 2387 9556
538   1000011010: 4  17 10 2391 9573
539   1000011011: 5  17 10 2396 9590
540   1000011100: 4  18 10 2400 9608
541   1000011101: 5  18 10 2405 9626
542   1000011110: 5  19 10 2410 9645
543   1000011111: 6  19 10 2416 9664
544   1000100000: 2  14 10 2418 9678
545   1000100001: 3  14 10 2421 9692
546   1000100010: 3  15 10 2424 9707
547   1000100011: 4  15 10 2428 9722
548   1000100100: 3  16 10 2431 9738
549   1000100101: 4  16 10 2435 9754
550   1000100110: 4  17 10 2439 9771
551   1000100111: 5  17 10 2444 9788
552   1000101000: 3  17 10 2447 9805
553   1000101001: 4  17 10 2451 9822
554   1000101010: 4  18 10 2455 9840
555   1000101011: 5  18 10 2460 9858
556   1000101100: 4  19 10 2464 9877
557   1000101101: 5  19 10 2469 9896
558   1000101110: 5  20 10 2474 9916
559   1000101111: 6  20 10 2480 9936
560   1000110000: 3  18 10 2483 9954
561   1000110001: 4  18 10 2487 9972
562   1000110010: 4  19 10 2491 9991
563   1000110011: 5  19 10 2496 10010
564   1000110100: 4  20 10 2500 10030
565   1000110101: 5  20 10 2505 10050
566   1000110110: 5  21 10 2510 10071
567   1000110111: 6  21 10 2516 10092
568   1000111000: 4  21 10 2520 10113
569   1000111001: 5  21 10 2525 10134
570   1000111010: 5  22 10 2530 10156
571   1000111011: 6  22 10 2536 10178
572   1000111100: 5  23 10 2541 10201
573   1000111101: 6  23 10 2547 10224
574   1000111110: 6  24 10 2553 10248
575   1000111111: 7  24 10 2560 10272
576   1001000000: 2  15 10 2562 10287
577   1001000001: 3  15 10 2565 10302
578   1001000010: 3  16 10 2568 10318
579   1001000011: 4  16 10 2572 10334
580   1001000100: 3  17 10 2575 10351
581   1001000101: 4  17 10 2579 10368
582   1001000110: 4  18 10 2583 10386
583   1001000111: 5  18 10 2588 10404
584   1001001000: 3  18 10 2591 10422
585   1001001001: 4  18 10 2595 10440
586   1001001010: 4  19 10 2599 10459
587   1001001011: 5  19 10 2604 10478
588   1001001100: 4  20 10 2608 10498
589   1001001101: 5  20 10 2613 10518
590   1001001110: 5  21 10 2618 10539
591   1001001111: 6  21 10 2624 10560
592   1001010000: 3  19 10 2627 10579
593   1001010001: 4  19 10 2631 10598
594   1001010010: 4  20 10 2635 10618
595   1001010011: 5  20 10 2640 10638
596   1001010100: 4  21 10 2644 10659
597   1001010101: 5  21 10 2649 10680
598   1001010110: 5  22 10 2654 10702
599   1001010111: 6  22 10 2660 10724
600   1001011000: 4  22 10 2664 10746
601   1001011001: 5  22 10 2669 10768
602   1001011010: 5  23 10 2674 10791
603   1001011011: 6  23 10 2680 10814
604   1001011100: 5  24 10 2685 10838
605   1001011101: 6  24 10 2691 10862
606   1001011110: 6  25 10 2697 10887
607   1001011111: 7  25 10 2704 10912
608   1001100000: 3  20 10 2707 10932
609   1001100001: 4  20 10 2711 10952
610   1001100010: 4  21 10 2715 10973
611   1001100011: 5  21 10 2720 10994
612   1001100100: 4  22 10 2724 11016
613   1001100101: 5  22 10 2729 11038
614   1001100110: 5  23 10 2734 11061
615   1001100111: 6  23 10 2740 11084
616   1001101000: 4  23 10 2744 11107
617   1001101001: 5  23 10 2749 11130
618   1001101010: 5  24 10 2754 11154
619   1001101011: 6  24 10 2760 11178
620   1001101100: 5  25 10 2765 11203
621   1001101101: 6  25 10 2771 11228
622   1001101110: 6  26 10 2777 11254
623   1001101111: 7  26 10 2784 11280
624   1001110000: 4  24 10 2788 11304
625   1001110001: 5  24 10 2793 11328
626   1001110010: 5  25 10 2798 11353
627   1001110011: 6  25 10 2804 11378
628   1001110100: 5  26 10 2809 11404
629   1001110101: 6  26 10 2815 11430
630   1001110110: 6  27 10 2821 11457
631   1001110111: 7  27 10 2828 11484
632   1001111000: 5  27 10 2833 11511
633   1001111001: 6  27 10 2839 11538
634   1001111010: 6  28 10 2845 11566
635   1001111011: 7  28 10 2852 11594
636   1001111100: 6  29 10 2858 11623
637   1001111101: 7  29 10 2865 11652
638   1001111110: 7  30 10 2872 11682
639   1001111111: 8  30 10 2880 11712
640   1010000000: 2  16 10 2882 11728
641   1010000001: 3  16 10 2885 11744
642   1010000010: 3  17 10 2888 11761
643   1010000011: 4  17 10 2892 11778
644   1010000100: 3  18 10 2895 11796
645   1010000101: 4  18 10 2899 11814
646   1010000110: 4  19 10 2903 11833
647   1010000111: 5  19 10 2908 11852
648   1010001000: 3  19 10 2911 11871
649   1010001001: 4  19 10 2915 11890
650   1010001010: 4  20 10 2919 11910
651   1010001011: 5  20 10 2924 11930
652   1010001100: 4  21 10 2928 11951
653   1010001101: 5  21 10 2933 11972
654   1010001110: 5  22 10 2938 11994
655   1010001111: 6  22 10 2944 12016
656   1010010000: 3  20 10 2947 12036
657   1010010001: 4  20 10 2951 12056
658   1010010010: 4  21 10 2955 12077
659   1010010011: 5  21 10 2960 12098
660   1010010100: 4  22 10 2964 12120
661   1010010101: 5  22 10 2969 12142
662   1010010110: 5  23 10 2974 12165
663   1010010111: 6  23 10 2980 12188
664   1010011000: 4  23 10 2984 12211
665   1010011001: 5  23 10 2989 12234
666   1010011010: 5  24 10 2994 12258
667   1010011011: 6  24 10 3000 12282
668   1010011100: 5  25 10 3005 12307
669   1010011101: 6  25 10 3011 12332
670   1010011110: 6  26 10 3017 12358
671   1010011111: 7  26 10 3024 12384
672   1010100000: 3  21 10 3027 12405
673   1010100001: 4  21 10 3031 12426
674   1010100010: 4  22 10 3035 12448
675   1010100011: 5  22 10 3040 12470
676   1010100100: 4  23 10 3044 12493
677   1010100101: 5  23 10 3049 12516
678   1010100110: 5  24 10 3054 12540
679   1010100111: 6  24 10 3060 12564
680   1010101000: 4  24 10 3064 12588
681   1010101001: 5  24 10 3069 12612
682   1010101010: 5  25 10 3074 12637
683   1010101011: 6  25 10 3080 12662
684   1010101100: 5  26 10 3085 12688
685   1010101101: 6  26 10 3091 12714
686   1010101110: 6  27 10 3097 12741
687   1010101111: 7  27 10 3104 12768
688   1010110000: 4  25 10 3108 12793
689   1010110001: 5  25 10 3113 12818
690   1010110010: 5  26 10 3118 12844
691   1010110011: 6  26 10 3124 12870
692   1010110100: 5  27 10 3129 12897
693   1010110101: 6  27 10 3135 12924
694   1010110110: 6  28 10 3141 12952
695   1010110111: 7  28 10 3148 12980
696   1010111000: 5  28 10 3153 13008
697   1010111001: 6  28 10 3159 13036
698   1010111010: 6  29 10 3165 13065
699   1010111011: 7  29 10 3172 13094
700   1010111100: 6  30 10 3178 13124
701   1010111101: 7  30 10 3185 13154
702   1010111110: 7  31 10 3192 13185
703   1010111111: 8  31 10 3200 13216
704   1011000000: 3  22 10 3203 13238
705   1011000001: 4  22 10 3207 13260
706   1011000010: 4  23 10 3211 13283
707   1011000011: 5  23 10 3216 13306
708   1011000100: 4  24 10 3220 13330
709   1011000101: 5  24 10 3225 13354
710   1011000110: 5  25 10 3230 13379
711   1011000111: 6  25 10 3236 13404
712   1011001000: 4  25 10 3240 13429
713   1011001001: 5  25 10 3245 13454
714   1011001010: 5  26 10 3250 13480
715   1011001011: 6  26 10 3256 13506
716   1011001100: 5  27 10 3261 13533
717   1011001101: 6  27 10 3267 13560
718   1011001110: 6  28 10 3273 13588
719   1011001111: 7  28 10 3280 13616
720   1011010000: 4  26 10 3284 13642
721   1011010001: 5  26 10 3289 13668
722   1011010010: 5  27 10 3294 13695
723   1011010011: 6  27 10 3300 13722
724   1011010100: 5  28 10 3305 13750
725   1011010101: 6  28 10 3311 13778
726   1011010110: 6  29 10 3317 13807
727   1011010111: 7  29 10 3324 13836
728   1011011000: 5  29 10 3329 13865
729   1011011001: 6  29 10 3335 13894
730   1011011010: 6  30 10 3341 13924
731   1011011011: 7  30 10 3348 13954
732   1011011100: 6  31 10 3354 13985
733   1011011101: 7  31 10 3361 14016
734   1011011110: 7  32 10 3368 14048
735   1011011111: 8  32 10 3376 14080
736   1011100000: 4  27 10 3380 14107
737   1011100001: 5  27 10 3385 14134
738   1011100010: 5  28 10 3390 14162
739   1011100011: 6  28 10 3396 14190
740   1011100100: 5  29 10 3401 14219
741   1011100101: 6  29 10 3407 14248
742   1011100110: 6  30 10 3413 14278
743   1011100111: 7  30 10 3420 14308
744   1011101000: 5  30 10 3425 14338
745   1011101001: 6  30 10 3431 14368
746   1011101010: 6  31 10 3437 14399
747   1011101011: 7  31 10 3444 14430
748   1011101100: 6  32 10 3450 14462
749   1011101101: 7  32 10 3457 14494
750   1011101110: 7  33 10 3464 14527
751   1011101111: 8  33 10 3472 14560
752   1011110000: 5  31 10 3477 14591
753   1011110001: 6  31 10 3483 14622
754   1011110010: 6  32 10 3489 14654
755   1011110011: 7  32 10 3496 14686
756   1011110100: 6  33 10 3502 14719
757   1011110101: 7  33 10 3509 14752
758   1011110110: 7  34 10 3516 14786
759   1011110111: 8  34 10 3524 14820
760   1011111000: 6  34 10 3530 14854
761   1011111001: 7  34 10 3537 14888
762   1011111010: 7  35 10 3544 14923
763   1011111011: 8  35 10 3552 14958
764   1011111100: 7  36 10 3559 14994
765   1011111101: 8  36 10 3567 15030
766   1011111110: 8  37 10 3575 15067
767   1011111111: 9  37 10 3584 15104
768   1100000000: 2  17 10 3586 15121
769   1100000001: 3  17 10 3589 15138
770   1100000010: 3  18 10 3592 15156
771   1100000011: 4  18 10 3596 15174
772   1100000100: 3  19 10 3599 15193
773   1100000101: 4  19 10 3603 15212
774   1100000110: 4  20 10 3607 15232
775   1100000111: 5  20 10 3612 15252
776   1100001000: 3  20 10 3615 15272
777   1100001001: 4  20 10 3619 15292
778   1100001010: 4  21 10 3623 15313
779   1100001011: 5  21 10 3628 15334
780   1100001100: 4  22 10 3632 15356
781   1100001101: 5  22 10 3637 15378
782   1100001110: 5  23 10 3642 15401
783   1100001111: 6  23 10 3648 15424
784   1100010000: 3  21 10 3651 15445
785   1100010001: 4  21 10 3655 15466
786   1100010010: 4  22 10 3659 15488
787   1100010011: 5  22 10 3664 15510
788   1100010100: 4  23 10 3668 15533
789   1100010101: 5  23 10 3673 15556
790   1100010110: 5  24 10 3678 15580
791   1100010111: 6  24 10 3684 15604
792   1100011000: 4  24 10 3688 15628
793   1100011001: 5  24 10 3693 15652
794   1100011010: 5  25 10 3698 15677
795   1100011011: 6  25 10 3704 15702
796   1100011100: 5  26 10 3709 15728
797   1100011101: 6  26 10 3715 15754
798   1100011110: 6  27 10 3721 15781
799   1100011111: 7  27 10 3728 15808
800   1100100000: 3  22 10 3731 15830
801   1100100001: 4  22 10 3735 15852
802   1100100010: 4  23 10 3739 15875
803   1100100011: 5  23 10 3744 15898
804   1100100100: 4  24 10 3748 15922
805   1100100101: 5  24 10 3753 15946
806   1100100110: 5  25 10 3758 15971
807   1100100111: 6  25 10 3764 15996
808   1100101000: 4  25 10 3768 16021
809   1100101001: 5  25 10 3773 16046
810   1100101010: 5  26 10 3778 16072
811   1100101011: 6  26 10 3784 16098
812   1100101100: 5  27 10 3789 16125
813   1100101101: 6  27 10 3795 16152
814   1100101110: 6  28 10 3801 16180
815   1100101111: 7  28 10 3808 16208
816   1100110000: 4  26 10 3812 16234
817   1100110001: 5  26 10 3817 16260
818   1100110010: 5  27 10 3822 16287
819   1100110011: 6  27 10 3828 16314
820   1100110100: 5  28 10 3833 16342
821   1100110101: 6  28 10 3839 16370
822   1100110110: 6  29 10 3845 16399
823   1100110111: 7  29 10 3852 16428
824   1100111000: 5  29 10 3857 16457
825   1100111001: 6  29 10 3863 16486
826   1100111010: 6  30 10 3869 16516
827   1100111011: 7  30 10 3876 16546
828   1100111100: 6  31 10 3882 16577
829   1100111101: 7  31 10 3889 16608
830   1100111110: 7  32 10 3896 16640
831   1100111111: 8  32 10 3904 16672
832   1101000000: 3  23 10 3907 16695
833   1101000001: 4  23 10 3911 16718
834   1101000010: 4  24 10 3915 16742
835   1101000011: 5  24 10 3920 16766
836   1101000100: 4  25 10 3924 16791
837   1101000101: 5  25 10 3929 16816
838   1101000110: 5  26 10 3934 16842
839   1101000111: 6  26 10 3940 16868
840   1101001000: 4  26 10 3944 16894
841   1101001001: 5  26 10 3949 16920
842   1101001010: 5  27 10 3954 16947
843   1101001011: 6  27 10 3960 16974
844   1101001100: 5  28 10 3965 17002
845   1101001101: 6  28 10 3971 17030
846   1101001110: 6  29 10 3977 17059
847   1101001111: 7  29 10 3984 17088
848   1101010000: 4  27 10 3988 17115
849   1101010001: 5  27 10 3993 17142
850   1101010010: 5  28 10 3998 17170
851   1101010011: 6  28 10 4004 17198
852   1101010100: 5  29 10 4009 17227
853   1101010101: 6  29 10 4015 17256
854   1101010110: 6  30 10 4021 17286
855   1101010111: 7  30 10 4028 17316
856   1101011000: 5  30 10 4033 17346
857   1101011001: 6  30 10 4039 17376
858   1101011010: 6  31 10 4045 17407
859   1101011011: 7  31 10 4052 17438
860   1101011100: 6  32 10 4058 17470
861   1101011101: 7  32 10 4065 17502
862   1101011110: 7  33 10 4072 17535
863   1101011111: 8  33 10 4080 17568
864   1101100000: 4  28 10 4084 17596
865   1101100001: 5  28 10 4089 17624
866   1101100010: 5  29 10 4094 17653
867   1101100011: 6  29 10 4100 17682
868   1101100100: 5  30 10 4105 17712
869   1101100101: 6  30 10 4111 17742
870   1101100110: 6  31 10 4117 17773
871   1101100111: 7  31 10 4124 17804
872   1101101000: 5  31 10 4129 17835
873   1101101001: 6  31 10 4135 17866
874   1101101010: 6  32 10 4141 17898
875   1101101011: 7  32 10 4148 17930
876   1101101100: 6  33 10 4154 17963
877   1101101101: 7  33 10 4161 17996
878   1101101110: 7  34 10 4168 18030
879   1101101111: 8  34 10 4176 18064
880   1101110000: 5  32 10 4181 18096
881   1101110001: 6  32 10 4187 18128
882   1101110010: 6  33 10 4193 18161
883   1101110011: 7  33 10 4200 18194
884   1101110100: 6  34 10 4206 18228
885   1101110101: 7  34 10 4213 18262
886   1101110110: 7  35 10 4220 18297
887   1101110111: 8  35 10 4228 18332
888   1101111000: 6  35 10 4234 18367
889   1101111001: 7  35 10 4241 18402
890   1101111010: 7  36 10 4248 18438
891   1101111011: 8  36 10 4256 18474
892   1101111100: 7  37 10 4263 18511
893   1101111101: 8  37 10 4271 18548
894   1101111110: 8  38 10 4279 18586
895   1101111111: 9  38 10 4288 18624
896   1110000000: 3  24 10 4291 18648
897   1110000001: 4  24 10 4295 18672
898   1110000010: 4  25 10 4299 18697
899   1110000011: 5  25 10 4304 18722
900   1110000100: 4  26 10 4308 18748
901   1110000101: 5  26 10 4313 18774
902   1110000110: 5  27 10 4318 18801
903   1110000111: 6  27 10 4324 18828
904   1110001000: 4  27 10 4328 18855
905   1110001001: 5  27 10 4333 18882
906   1110001010: 5  28 10 4338 18910
907   1110001011: 6  28 10 4344 18938
908   1110001100: 5  29 10 4349 18967
909   1110001101: 6  29 10 4355 18996
910   1110001110: 6  30 10 4361 19026
911   1110001111: 7  30 10 4368 19056
912   1110010000: 4  28 10 4372 19084
913   1110010001: 5  28 10 4377 19112
914   1110010010: 5  29 10 4382 19141
915   1110010011: 6  29 10 4388 19170
916   1110010100: 5  30 10 4393 19200
917   1110010101: 6  30 10 4399 19230
918   1110010110: 6  31 10 4405 19261
919   1110010111: 7  31 10 4412 19292
920   1110011000: 5  31 10 4417 19323
921   1110011001: 6  31 10 4423 19354
922   1110011010: 6  32 10 4429 19386
923   1110011011: 7  32 10 4436 19418
924   1110011100: 6  33 10 4442 19451
925   1110011101: 7  33 10 4449 19484
926   1110011110: 7  34 10 4456 19518
927   1110011111: 8  34 10 4464 19552
928   1110100000: 4  29 10 4468 19581
929   1110100001: 5  29 10 4473 19610
930   1110100010: 5  30 10 4478 19640
931   1110100011: 6  30 10 4484 19670
932   1110100100: 5  31 10 4489 19701
933   1110100101: 6  31 10 4495 19732
934   1110100110: 6  32 10 4501 19764
935   1110100111: 7  32 10 4508 19796
936   1110101000: 5  32 10 4513 19828
937   1110101001: 6  32 10 4519 19860
938   1110101010: 6  33 10 4525 19893
939   1110101011: 7  33 10 4532 19926
940   1110101100: 6  34 10 4538 19960
941   1110101101: 7  34 10 4545 19994
942   1110101110: 7  35 10 4552 20029
943   1110101111: 8  35 10 4560 20064
944   1110110000: 5  33 10 4565 20097
945   1110110001: 6  33 10 4571 20130
946   1110110010: 6  34 10 4577 20164
947   1110110011: 7  34 10 4584 20198
948   1110110100: 6  35 10 4590 20233
949   1110110101: 7  35 10 4597 20268
950   1110110110: 7  36 10 4604 20304
951   1110110111: 8  36 10 4612 20340
952   1110111000: 6  36 10 4618 20376
953   1110111001: 7  36 10 4625 20412
954   1110111010: 7  37 10 4632 20449
955   1110111011: 8  37 10 4640 20486
956   1110111100: 7  38 10 4647 20524
957   1110111101: 8  38 10 4655 20562
958   1110111110: 8  39 10 4663 20601
959   1110111111: 9  39 10 4672 20640
960   1111000000: 4  30 10 4676 20670
961   1111000001: 5  30 10 4681 20700
962   1111000010: 5  31 10 4686 20731
963   1111000011: 6  31 10 4692 20762
964   1111000100: 5  32 10 4697 20794
965   1111000101: 6  32 10 4703 20826
966   1111000110: 6  33 10 4709 20859
967   1111000111: 7  33 10 4716 20892
968   1111001000: 5  33 10 4721 20925
969   1111001001: 6  33 10 4727 20958
970   1111001010: 6  34 10 4733 20992
971   1111001011: 7  34 10 4740 21026
972   1111001100: 6  35 10 4746 21061
973   1111001101: 7  35 10 4753 21096
974   1111001110: 7  36 10 4760 21132
975   1111001111: 8  36 10 4768 21168
976   1111010000: 5  34 10 4773 21202
977   1111010001: 6  34 10 4779 21236
978   1111010010: 6  35 10 4785 21271
979   1111010011: 7  35 10 4792 21306
980   1111010100: 6  36 10 4798 21342
981   1111010101: 7  36 10 4805 21378
982   1111010110: 7  37 10 4812 21415
983   1111010111: 8  37 10 4820 21452
984   1111011000: 6  37 10 4826 21489
985   1111011001: 7  37 10 4833 21526
986   1111011010: 7  38 10 4840 21564
987   1111011011: 8  38 10 4848 21602
988   1111011100: 7  39 10 4855 21641
989   1111011101: 8  39 10 4863 21680
990   1111011110: 8  40 10 4871 21720
991   1111011111: 9  40 10 4880 21760
992   1111100000: 5  35 10 4885 21795
993   1111100001: 6  35 10 4891 21830
994   1111100010: 6  36 10 4897 21866
995   1111100011: 7  36 10 4904 21902
996   1111100100: 6  37 10 4910 21939
997   1111100101: 7  37 10 4917 21976
998   1111100110: 7  38 10 4924 22014
999   1111100111: 8  38 10 4932 22052
1000  1111101000: 6  38 10 4938 22090
1001  1111101001: 7  38 10 4945 22128
1002  1111101010: 7  39 10 4952 22167
1003  1111101011: 8  39 10 4960 22206
1004  1111101100: 7  40 10 4967 22246
1005  1111101101: 8  40 10 4975 22286
1006  1111101110: 8  41 10 4983 22327
1007  1111101111: 9  41 10 4992 22368
1008  1111110000: 6  39 10 4998 22407
1009  1111110001: 7  39 10 5005 22446
1010  1111110010: 7  40 10 5012 22486
1011  1111110011: 8  40 10 5020 22526
1012  1111110100: 7  41 10 5027 22567
1013  1111110101: 8  41 10 5035 22608
1014  1111110110: 8  42 10 5043 22650
1015  1111110111: 9  42 10 5052 22692
1016  1111111000: 7  42 10 5059 22734
1017  1111111001: 8  42 10 5067 22776
1018  1111111010: 8  43 10 5075 22819
1019  1111111011: 9  43 10 5084 22862
1020  1111111100: 8  44 10 5092 22906
1021  1111111101: 9  44 10 5101 22950
1022  1111111110: 9  45 10 5110 22995
1023  1111111111: 10 45 10 5120 23040
1024 10000000000: 1  10 11 5121 23050